	Aerobic	Anaerobic	Contains_Mobile_Elements	Facultatively_Anaerobic	Forms_Biofilms	Gram_Negative	Gram_Positive	Potentially_Pathogenic	Stress_Tolerant
1256-004-C118-S	0	1	0	0	0	0.73639661426844	0.26360338573156	0	0
1256-011-C120-T	0	1	0	0	0	1	0	0	0
1256-012-C121-M	0	1	0	0	0	1	0	0	0
1256-014-C121-T	0	1	0	0	0	0	1	0	0
1256-019-C123-M	0	1	0	0	0	0	1	0	0
1256-020-C123-S	0	1	0	0	0	1	0	0	0
1256-023-C127-S	0.0898876404494382	0.910112359550562	0	0	0	1	0	0	0
1256-024-C127-T	0	0.652482269503546	0	0	0	1	0	0	0
1256-030-C129-T	1	0	0	0	0	1	0	0	0
1256-049-C148-M	1	0	0	0	0	1	0	0	0
1256-055-C149-T	0.361858190709046	0	0	0	0	1	0	0	0
1256-059-C151-M	0	0	0	0	0	1	0	0	0
1256-066-C153-T	1	0	0	0	0	1	0	0	0
1256-072-C328-S	1	0	0	0	0	1	0	0	0
1256-083-C115-H	0	0	0	0	0	1	0	0	0
1256-099-SING14-T	0	0	0	0	0	1	0	0	0
1256-102-PW164-S	0	1	0	0	0	0	1	0	0
1256-103-PW164-T	0	1	0	0	0	0	1	0	0
1256-105-PW165-S	0.357827476038339	0.642172523961661	0	0	0	0.357827476038339	0.642172523961661	0	0
1256-106-PW165-T	1	0	0	0	0	0	1	0	0
1256-110-PW167-M	1	0	0	0	0	1	0	0	0
1256-114-PW168-S	0	1	0	0	0	0.836781609195402	0.163218390804598	0	0
1256-115-PW168-T	0	0	0	0	0	1	0	0	0
1256-121-PW170-S	0	1	0	0	0	0	1	0	0
1256-122-PW170-T	0	1	0	0	0	0.672768878718535	0.327231121281464	0	0
1256-125-PW171-T	0	1	0	0	0	0	1	0	0
1256-138-PW177-S	0	1	0	0	0	0	1	0	0
1256-153-PW185-S	0	0	0	0	0	1	0	0	0
1256-156-PW186-S	0	1	0	0	0	1	0	0	0
1256-157-PW186-T	0	1	0	0	0	0	1	0	0
1256-167-PW192-S	0	0	0	0	0	1	0	0	0
1256-168-PW192-T	0	0	0	1	0	1	0	0	0
1256-171-PW193-T	1	0	0	0	0	1	0	0	0
1256-176-PW195-S	0	0	0	0	0	1	0	0	0
1256-178-PW197-M	1	0	0	0	0	1	0	0	0
1256-186-PW199-S	0	0	0	0	0	1	0	0	0
1256-197-PW204-S	0	1	0	0	0	1	0	0	0
1256-223-HI60-S	0.603945371775417	0.396054628224583	0	0	0	1	0	0	0
1256-237-HI64-T	0	0	0	0	0	1	0	0	0
1256-252-HI69-S	0	1	0	0	0	0	1	0	0
1256-267-HID-T	0	0	0	0	0	1	0	0	0
1256-282-P1-S	1	0	0	0	0	1	0	0	0
1256-286-P6-S	0.67948717948718	0	0	0	0	1	0	0	0
1256-307-P481-M	1	0	0	0	0	1	0	0	0
1256-313-P484-M	0	1	0	0	0	1	0	0	0
1256-318-P489-M	1	0	0	0	0	1	0	0	0
1256-322-P489-T	1	0	0	0	0	1	0	0	0
1256-326-P494-M	0	1	0	0	0	1	0	0	0
1256-334-P499-T	0.655172413793103	0.344827586206897	0	0	0	0.511494252873563	0.488505747126437	0	0
1256-337-P502-M	0	1	0	0	0	1	0	0	0
1256-338-P503-M	1	0	0	0	0	1	0	0	0
1256-339-P503-T	0	1	0	0	0	0	1	0	0
1256-342-P507-M	0.38496583143508	0.61503416856492	0	0	0	1	0	0	0
1256-343-P507-T	0	1	0	0	0	1	0	0	0
1256-350-P511-M	0	0	0	0	0	1	0	0	0
1256-351-P511-T	0	0	0	0	0	1	0	0	0
1256-352-P512-M	1	0	0	0	0	0	1	0	0
1256-360-C411-H	0	1	0	0	0	1	0	0	0
1256-371-KaustZ-4-T	1	0	0	0	0	1	0	0	0
1256-374-KaustA-3-T	0	1	0	0	0	0	1	0	0
E1.10.Poc.dami.1.20140731.S	0.348360655737705	0	0	0.651639344262295	0	1	0	0	0
E1.10.Sty.pist.1.20140807.S	0	1	0	0	0	1	0	0	0
E1.10.Sty.pist.1.20140815.M	0	0	0	0	0	0	1	0	0
E1.11.Fun.sp.1.20140811.S	1	0	0	0	0	1	0	0	0
E1.11.Lep.tran.1.20140731.S	0	1	0	0	0	1	0	0	0
E1.11.Lep.tran.1.20140731.T	1	0	0	0	0	1	0	0	0
E1.15.Dip.heli.1.20140726.S	0	0.58408215661104	0.58408215661104	0.41591784338896	0	1	0	0	0
E1.15.Dip.heli.1.20140726.T	1	0	0	0	0	1	0	0	0
E1.15.Dip.heli.1.20140809.M	0	1	0	0	0	1	0	0	0
E1.15.Dip.heli.1.20140809.T	1	0	0	0	0	1	0	0	0
E1.15.Dip.heli.1.20140815.M	1	0	0	0	0	1	0	0	0
E1.15.Dip.heli.1.20140815.S	0	1	0	0	0	1	0	0	0
E1.15.Dip.heli.1.20140905.M	1	0	0	0	0	1	0	0	0.400291120815138
E1.15.Dip.heli.1.20140905.T	1	0	0	0	0	1	0	0	0
E1.17.Cau.furc.1.20140801.DS	1	0	0	0	1	1	0	0	0
E1.17.Ech.lame.1.20140905.S	1	0	0	0	0	1	0	0	0.387096774193548
E1.17.Ech.lame.1.20140905.T	1	0	0	0	0	1	0	0	0.686635944700461
E1.17.Ech.mamm.1.20140728.M	0	0.229607250755287	0	0	0	1	0	0	0
E1.17.Ech.mamm.1.20140815.T	1	0	0	0	0	1	0	0	0
E1.17.Fav.sp.1.20140805.T	0.831683168316832	0.168316831683168	0	0	0	1	0	0	0
E1.17.Fav.sp.1.20140811.T	1	0	0	0	0	1	0	0	0
E1.17.Fav.sp.2.20140805.M	0	0	0	0	0	1	0	0	0
E1.17.Fav.sp.2.20140805.S	0	0	0	0	0	1	0	0	0
E1.17.Hyd.exes.1.20140803.S	0	0	0	1	0	1	0	0	0
E1.19.Lob.sp.1.20140730.M	0	0	0	0	0	1	0	0	0
E1.19.Lob.sp.1.20140730.S	0.416107382550336	0.583892617449664	0	0	0	1	0	0	0
E1.19.Lob.sp.1.20140809.M	0	0	0	0	0	1	0	0	0
E1.19.Sym.sp.1.20140724.M	1	0	0	0	0	1	0	0	0
E1.19.Sym.sp.1.20140724.S	0.272727272727273	0.253246753246753	0.253246753246753	0	0	1	0	0	0
E1.19.Sym.sp.1.20140814.S	1	0	0	0	0	1	0	0	0
E1.19.Sym.sp.1.20140815.S	0	1	1	0	0	1	0	0	0
E1.2.Tur.pelt.1.20140814.S	1	0	0	0	0	1	0	0	0
E1.2.Tur.reni.1.20140814.T	1	0	0	0	0.6	1	0	0	0
E1.2.Tur.stel.1.20140805.M	1	0	0	0	0.476190476190476	1	0	0	0
E1.2.Tur.stel.1.20140805.S	0	1	0	0	0	1	0	0	0
E1.2.Tur.stel.1.20140805.T	0	0.386503067484663	0	0	0	1	0	0	0
E1.3.Por.cyli.1.20140801.S	1	0	0	0	1	1	0	0	0
E1.3.Por.cyli.1.20140815.S	0.0603674540682415	0	0	0	0	1	0	0	0
E1.3.Por.loba.1.20140905.M	0	0	0	0	0	1	0	0	0
E1.3.Por.loba.1.20140905.S	0	1	0	0	0	1	0	0	0
E1.3.Por.loba.1.20140905.T	0	0.473019517795637	0	0	0	1	0	0	0
E1.4.Pac.rugo.1.20140728.S	0	0	0	0	0	1	0	0	0
E1.4.Pac.rugo.1.20140728.T	0	0	0.160621761658031	1	0	1	0	0.160621761658031	0.160621761658031
E1.4.Pac.rugo.1.20140814.S	1	0	0	0	0	1	0	0	0
E1.4.Pac.spec.1.20140801.M	0	0	0	0	0	1	0	0	0
E1.4.Pac.spec.1.20140801.S	1	0	0	0	0	0	1	0	0
E1.4.Pac.spec.1.20140801.T	1	0	0	0	1	1	0	0	0
E1.4.Pac.spec.1.20140811.M	0	0.857142857142857	0	0	0	1	0	0	0
E1.4.Pac.spec.1.20140811.T	0	0	1	1	0	1	0	1	1
E1.5.Gal.astr.1.20140728.S	0	0	0	0	0	1	0	0	0
E1.5.Gal.astr.1.20140728.T	1	0	0	0	1	1	0	0	0
E1.5.Gal.astr.1.20140807.M	0	0	0	0	0	1	0	0	0
E1.5.Gal.astr.1.20140807.S	0.553021664766249	0.285062713797035	0	0.161915621436716	0.553021664766249	1	0	0	0
E1.5.Gal.astr.1.20140814.M	0	0.592233009708738	0.592233009708738	0	0	1	0	0	0
E1.5.Gal.astr.1.20140814.S	0.914786967418546	0	0	0.0852130325814536	0.914786967418546	1	0	0	0
E1.5.Gal.astr.1.20140905.S	0	0	0	0	0	1	0	0	0
E1.6.Acr.humi.1.20140731.M	0	0	0	0	0	1	0	0	0
E1.6.Acr.humi.1.20140731.S	0	0	0	0	0	1	0	0	0
E1.6.Acr.sp.1.20140905.M	1	0	0	0	0	1	0	0	1
E1.6.Acr.sp.1.20140905.S	1	0	0	0	0	1	0	0	0
E1.6.Iso.pali.1.20140803.M.2	1	0	0	0	0	1	0	0	0
E1.6.Iso.pali.1.20140803.M	0.296296296296296	0	0	0	0	1	0	0	0
E1.6.Iso.pali.1.20140803.S.2	1	0	0	0	0	1	0	0	0
E1.6.Iso.pali.1.20140803.S	0	1	0	0	0	1	0	0	0
E1.6.Iso.pali.1.20140803.T.2	0	1	0	0	0	1	0	0	0
E1.6.Iso.pali.1.20140803.T	1	0	0	0	0	1	0	0	0
E1.6.Iso.pali.1.20140815.S	0.780998389694042	0	0	0.219001610305958	0	1	0	0	0
E1.6.Iso.pali.1.20140815.T	1	0	0	0	0	1	0	0	0
E1.7.Pav.sp.1.20140905.M	1	0	0	0	0	0.691865242399343	0.308134757600657	0	0
E1.7.Pav.vari.1.20140805.S	0.250814332247557	0.263843648208469	0	0	0	1	0	0	0
E1.7.Pav.vari.1.20140815.S	0	0	0	1	0	1	0	0	0
E1.7.Pav.veno.1.20140809.S	1	0	0	0	0	1	0	0	0
E1.7.Pav.veno.1.20140809.T	0	1	0	0	0	1	0	0	0
E1.7.Pav.veno.1.20140811.S	0.664879356568365	0	0	0	0.664879356568365	1	0	0	0
E1.Out.Mil.sp.1.20140814.S	0.635179153094463	0	0	0.364820846905537	0	1	0	0	0
E1.Out.Pal.caes.1.20140809.T	1	0	0	0	0	1	0	0	0
E10.10.Sty.pist.1.20150630.M	0	0	1	1	0	1	0	1	1
E10.10.Sty.pist.2.20150630.M	0	0.683969465648855	0.316030534351145	0.316030534351145	0	1	0	0.316030534351145	0.316030534351145
E10.10.Sty.pist.3.20150630.M	0	0	1	0	0	0	1	0	0
E10.17.Fav.abdi.1.20150630.M	0	0	1	1	0	1	0	1	1
E10.17.Fav.abdi.1.20150630.S	1	0	0	0	0	1	0	0	0
E10.17.Fav.abdi.1.20150630.T	1	0	0	0	0	1	0	0	0
E10.17.Fav.pali.1.20150630.S	1	0	0	0	1	1	0	0	0
E10.17.Gon.favu.1.20150629.S	0.882012724117987	0	0	0.117987275882013	0	1	0	0	0
E10.17.Gon.favu.1.20150629.T	1	0	0	0	0	1	0	0	0
E10.17.Gon.favu.1.20150630.S	1	0	0	0	1	1	0	0	0
E10.17.Gon.favu.1.20150630.T	0	0	1	1	0	1	0	1	1
E10.17.Gon.favu.2.20150630.M	0	1	0	0	0	1	0	0	0
E10.17.Gon.favu.2.20150630.S	1	0	0	0	0	1	0	0	0
E10.17.Gon.favu.2.20150630.T	0	0	0	0	0	1	0	0	0
E10.Aca.hill.1.20150629.M	0	0.56	0.16	0.16	0	1	0	0.16	0.16
E10.Aca.hill.1.20150629.S	1	0	0	0	0	0.217081850533808	0.782918149466192	0	0
E10.Aca.hill.2.20150629.M	0	0	0	0	0	1	0	0	0
E10.Aca.hill.2.20150629.S	0	0	0	1	0	1	0	0	0
E10.Aca.hill.3.20150629.S	1	0	0	0	0	1	0	0	0
E10.Acr.cyth.1.20150627.M	0.138603465086627	0.0960024000600015	0.0303757593939849	0.0303757593939849	0	1	0	0.0303757593939849	0.0303757593939849
E10.Acr.cyth.1.20150627.S	0	1	0	0	0	1	0	0	0
E10.Acr.cyth.2.20150627.M	0	0.26784140969163	0.245814977973568	0.245814977973568	0	1	0	0.245814977973568	0.245814977973568
E10.Acr.cyth.2.20150627.T	1	0	0	0	0	1	0	0	0
E10.Acr.cyth.3.20150627.M	1	0	0	0	0	0	1	0	0
E10.Acr.pali.1.20150627.M	0.553956834532374	0	0	0	0	1	0	0	0
E10.Acr.pali.2.20150627.M	0.858870967741935	0	0	0	0	1	0	0	0
E10.Acr.pali.3.20150627.S	1	0	0	0	0	0	1	0	0
E10.Alv.alli.1.20150628.T	0	0.230088495575221	0	0.769911504424779	0	1	0	0	0
E10.Alv.alli.2.20150628.M	0	0	0	0	0	1	0	0	0
E10.Alv.alli.2.20150628.S	0	0	0	0	1	1	0	0	0
E10.Alv.alli.3.20150628.M	0	1	0	0	0	1	0	0	0
E10.Alv.alli.3.20150628.S	0	1	0	0	0	0	1	0	0
E10.Alv.alli.3.20150628.T	0	0	0	1	0	1	0	0	0
E10.Cyp.micr.1.20150627.M	0.467164766024381	0	0.0766810853322847	0.0766810853322847	0	1	0	0.0766810853322847	0.0766810853322847
E10.Cyp.sera.2.20150628.S	0	1	1	0	0	1	0	0	0
E10.Mon.curt.1.20150629.M	0	0	1	1	0	1	0	1	1
E10.Poc.dami.2.20150628.S	0.457831325301205	0	0	0	0	0	1	0	0
E10.Por.hero.1.20150628.S	1	0	0	0	0	0.837837837837838	0.162162162162162	0	0
E10.Por.hero.3.20150628.S	0	0	0	0	0	0	1	0	0
E10.Sed.1.20150627	0	0	0	0	0	1	0	0	0
E10.Sed.1.20150628	0	0	0	0	0	1	0	0	0
E10.Ser.cali.2.20150627.M	0	0	0	0	0	1	0	0	0
E10.Ser.cali.3.20150627.M	0.47453954496208	0	0.243770314192849	0.243770314192849	0	1	0	0.243770314192849	0.243770314192849
E3.10.Sty.pist.1.20150127.M	0	0	0	0	0	1	0	0	0
E3.10.Sty.pist.2.20150124.M	0	0.52	0	0	0	1	0	0	0
E3.11.Fun.sp.1.20150125.M	0	0	0	0	0	1	0	0	0
E3.11.Fun.sp.1.20150127.T	0	0.177897574123989	0	0	0	1	0	0	0
E3.11.Fun.sp.2.20150125.M	0	0.914948453608247	0	0	0	1	0	0	0
E3.14.Phy.lich.1.20150125.M	0.321167883211679	0	0	0	0	1	0	0	0
E3.14.Phy.lich.1.20150125.S	1	0	0	0	1	1	0	0	0
E3.14.Phy.lich.1.20150129.M	0.484076433121019	0	0	0	0	1	0	0	0
E3.14.Phy.lich.1.20150129.S	1	0	0	0	1	1	0	0	0
E3.14.Phy.lich.2.20150125.M	1	0	0	0	0	1	0	0	0
E3.14.Phy.lich.2.20150125.S	1	0	0	0	0.832369942196532	1	0	0	0
E3.15.Dip.heli.1.20150105.M	0	1	0	0	0	0	1	0	0
E3.15.Dip.heli.1.20150105.S	0	0	0	0	0	1	0	0	0
E3.15.Dip.heli.1.20150106.M	0.712230215827338	0.287769784172662	0	0	0.712230215827338	1	0	0	0
E3.15.Dip.heli.1.20150106.S	0	1	0	0	0	1	0	0	0
E3.15.Dip.heli.1.20150118.M	0	0.753488372093023	0	0	0	1	0	0	0
E3.15.Dip.heli.1.20150118.T	0	1	0	0	0	1	0	0	0
E3.15.Dip.heli.1.20150119.M	0	0	0	0	0	1	0	0	0
E3.15.Dip.heli.1.20150119.S	1	0	0	0	0.483870967741935	1	0	0	0
E3.15.Dip.heli.1.20150120.M	0	0.186915887850467	0	0.308411214953271	0	0.691588785046729	0.308411214953271	0	0
E3.15.Dip.heli.1.20150120.S	0	1	1	0	0	1	0	0	0
E3.15.Dip.heli.1.20150120.T	1	0	0	0	0.82962962962963	1	0	0	0
E3.15.Dip.heli.1.20150121.M	0	1	0	0	0	1	0	0	0
E3.15.Dip.heli.1.20150121.S	0.511363636363636	0.488636363636364	0.488636363636364	0	0	1	0	0	0
E3.15.Dip.heli.1.20150123.M	0.264516129032258	0	0	0	0	1	0	0	0
E3.15.Dip.heli.1.20150123.S	0.547058823529412	0.452941176470588	0.452941176470588	0	0	1	0	0	0
E3.15.Dip.heli.1.20150123.T	1	0	0	0	1	1	0	0	0
E3.15.Dip.heli.2.20150105.M	0	0	0	0	0	1	0	0	0
E3.15.Dip.heli.2.20150105.S	0	0.204081632653061	0.204081632653061	0	0	1	0	0	0
E3.15.Dip.heli.2.20150105.T	1	0	0	0	1	1	0	0	0
E3.15.Dip.heli.2.20150106.M	0	1	0	0	0	1	0	0	0
E3.15.Dip.heli.2.20150106.T	1	0	0	0	0	1	0	0	0
E3.15.Dip.heli.2.20150119.M	0	0	0	0	0	1	0	0	0
E3.15.Dip.heli.2.20150119.S	1	0	0	0	0.76	1	0	0	0
E3.15.Dip.heli.2.20150119.T	0	0	0	0	1	1	0	0	0
E3.15.Dip.heli.2.20150120.M	0.509009009009009	0	0	0	0	1	0	0	0
E3.15.Dip.heli.2.20150120.S	1	0	0	0	0	0.618181818181818	0.381818181818182	0	0
E3.15.Dip.heli.2.20150121.M	0.23125	0.575	0	0.19375	0	0.80625	0.19375	0	0
E3.15.Dip.heli.2.20150121.S	0	0.488964346349745	0.101867572156197	0	0	1	0	0	0
E3.15.Dip.heli.2.20150123.M	0	0	0	0	0	1	0	0	0
E3.15.Dip.heli.2.20150123.S	0.556561085972851	0.443438914027149	0.443438914027149	0	0.556561085972851	1	0	0	0
E3.15.Dip.heli.2.20150123.T	0	1	1	0	0	1	0	0	0
E3.15.Dip.heli.3.20150105.S	0.262857142857143	0.354285714285714	0.354285714285714	0	0.382857142857143	1	0	0	0
E3.15.Dip.heli.3.20150105.T	0	0.181571815718157	0	0	0	1	0	0	0
E3.15.Dip.heli.3.20150106.S	0	1	0	0	0	1	0	0	0
E3.15.Dip.heli.3.20150120.S	0	1	0.594827586206897	0	0	1	0	0	0
E3.15.Dip.heli.3.20150120.T	0	1	0	0	0	1	0	0	0
E3.15.Dip.heli.3.20150121.M	0	1	0	0	0	1	0	0	0
E3.15.Dip.heli.3.20150121.S	0	0.522988505747126	0	0	0	1	0	0	0
E3.15.Dip.heli.3.20150121.T	0	0	0	0	0	1	0	0	0
E3.15.Dip.heli.3.20150123.M	0	0.484848484848485	0	0	0	1	0	0	0
E3.15.Dip.heli.3.20150123.S	0.468531468531469	0.531468531468531	0.34965034965035	0	0.468531468531469	1	0	0	0
E3.15.Dip.heli.3.20150123.T	1	0	0	0	0	1	0	0	0
E3.15.Dip.heli.4.20150105.T	0	0	0	0	0.714285714285714	0.714285714285714	0.285714285714286	0	0
E3.17.Ech.horr.1.20150123.T	1	0	0	0	1	1	0	0	0
E3.17.Ech.mamm.1.20150123.M	0	0.331578947368421	0	0	0	1	0	0	0
E3.17.Ech.mamm.1.20150123.S	0.659090909090909	0	0	0.340909090909091	0.659090909090909	1	0	0	0
E3.17.Ech.mamm.1.20150123.T	0.9013347291285	0.0400418738550118	0.0586233970164878	0	0.769432085841403	0.769432085841403	0.230567914158597	0	0
E3.17.Ech.mamm.1.20150127.T	1	0	0	0	0	1	0	0	0
E3.17.Ech.mamm.1.20150129.M	0	0.374531835205993	0	0	0	1	0	0	0
E3.19.Sym.sp.1.20150125.M	0	0	0	0.468208092485549	0	0.531791907514451	0.468208092485549	0	0
E3.19.Sym.sp.1.20150127.M	0	0.196428571428571	0	0	0	1	0	0	0
E3.19.Sym.sp.1.20150127.S	1	0	0	0	1	1	0	0	0
E3.19.Sym.sp.2.20150125.M	0	0.104938271604938	0	0	0	1	0	0	0
E3.19.Sym.sp.2.20150125.S	0	1	0	0	0	1	0	0	0
E3.2.Tur.reni.1.20150124.M	0	0	0	0	0	1	0	0	0
E3.2.Tur.reni.1.20150127.S	0	0.568720379146919	0	0	0	1	0	0	0
E3.2.Tur.reni.1.20150127.T	1	0	0	0	0	1	0	0	0
E3.2.Tur.reni.2.20150124.M	0	1	0	0	0	1	0	0	0
E3.3.Por.cyli.1.20150123.M	0	0	0	0	0	1	0	0	0
E3.3.Por.cyli.1.20150127.M	1	0	0	0	0	1	0	0	0
E3.3.Por.cyli.1.20150127.S	1	0	0	0	1	1	0	0	0
E3.4.Pac.rugo.1.20150127.M	0.229915433403806	0.0776955602536998	0	0	0	1	0	0	0
E3.4.Pac.rugo.1.20150127.S	0.441666666666667	0	0	0	0.558333333333333	1	0	0	0
E3.4.Pac.rugo.1.20150127.T	0	0	0	0	0	1	0	0	0
E3.4.Pac.rugo.1.20150128.M	0	0.17910447761194	0	0	0	1	0	0	0
E3.4.Pac.rugo.1.20150128.S	0	0.474576271186441	0	0	0	0.474576271186441	0.525423728813559	0	0
E3.4.Pac.spec.1.20150128.M	0	0	0	0	0	1	0	0	0
E3.4.Pac.spec.1.20150128.S	1	0	0	0	0	0	1	0	0
E3.4.Pac.spec.1.20150128.T	0	1	0	0	0	1	0	0	0
E3.4.Pac.spec.1.20150129.M	0	0	0	0	0	1	0	0	0
E3.4.Pac.spec.1.20150129.S	0.269151138716356	0.730848861283644	0	0	0	1	0	0	0
E3.4.Pac.spec.1.20150129.T	0	0	0	0	0	1	0	0	0
E3.5.Gal.astr.1.20150124.S	0	0.135135135135135	0	0	0	1	0	0	0
E3.5.Gal.astr.2.20150124.S	0.286792452830189	0.139622641509434	0	0	0	1	0	0	0
E3.5.Gal.astr.2.20150124.T	0	0	0	0	0	1	0	0	0
E3.5.Gal.astr.2.20150127.M	0	0	1	1	0	1	0	1	1
E3.5.Gal.astr.2.20150127.S	0.644768856447689	0	0	0.355231143552311	0.644768856447689	1	0	0	0
E3.6.Acr.hyac.1.20150118.M	1	0	0	0	0	1	0	0	0
E3.6.Acr.hyac.1.20150120.M	0.405867970660147	0	0	0.594132029339853	0	0.405867970660147	0.594132029339853	0	0
E3.6.Acr.hyac.1.20150120.S	1	0	0	0	0	1	0	0	0
E3.6.Acr.hyac.1.20150121.M	0	1	0	0	0	1	0	0	0
E3.6.Acr.hyac.1.20150121.S	1	0	0	0	0	1	0	0	0
E3.6.Acr.hyac.1.20150123.M	0	0.776119402985075	0	0	0	1	0	0	0
E3.6.Acr.hyac.1.20150123.T	1	0	0	0	0.442424242424242	1	0	0	0
E3.6.Acr.hyac.2.20150105.S	0	1	0	0	0	0	1	0	0
E3.6.Acr.hyac.2.20150106.M	0	0	0	0	0	1	0	0	0
E3.6.Acr.hyac.2.20150120.M	0	0	0	0	0	1	0	0	0
E3.6.Acr.hyac.2.20150120.S	0.416666666666667	0	0	0	0	1	0	0	0
E3.6.Acr.hyac.2.20150120.T	0	0	0	0.56	0	0.44	0.56	0	0
E3.6.Acr.hyac.2.20150121.M	0	0	0	0.139784946236559	0	0.860215053763441	0.139784946236559	0	0
E3.6.Acr.hyac.2.20150121.S	0	0	0	0	0	1	0	0	0
E3.6.Acr.hyac.2.20150121.T	0	0	0	1	0	1	0	0	0
E3.6.Acr.hyac.2.20150123.M	0	0.145348837209302	0	0.244186046511628	0	0.755813953488372	0.244186046511628	0	0
E3.6.Acr.hyac.2.20150123.T	1	0	0	0	0.75	1	0	0	0
E3.6.Acr.hyac.3.20150105.M	0	0	0	0	0	1	0	0	0
E3.6.Acr.hyac.3.20150106.T	1	0	0	0	0	1	0	0	0
E3.6.Acr.hyac.3.20150120.T	0.404669260700389	0	0	0	0	1	0	0	0
E3.6.Acr.hyac.3.20150121.M	0	1	0	0	0	1	0	0	0
E3.6.Acr.hyac.3.20150123.M	0.0956937799043062	0	0	0	0	1	0	0	0
E3.6.Acr.hyac.3.20150123.T	1	0	0	0	0.622641509433962	1	0	0	0
E3.6.Acr.hyac.4.20150105.M	0	0	0	0	0	1	0	0	0
E3.6.Acr.hyac.4.20150105.T	1	0	0	0	0	0	1	0	0
E3.7.Pav.vari.1.20150124.M	0	0.257274119448698	0	0	0	1	0	0	0
E3.7.Pav.vari.1.20150124.T	0	0	0	0	0	1	0	0	0
E3.7.Pav.vari.1.20150127.S	0	0	0	1	0	1	0	0	0
E3.7.Pav.vari.2.20150124.M	0	0	0	0.333333333333333	0	0.666666666666667	0.333333333333333	0	0
E3.Out.Mil.sp.1.20150125.S	0	0	0	1	0	1	0	0	0
E3.Out.Pal.caes.1.20150125.M	0	0.159010600706714	0	0.45583038869258	0	0.544169611307421	0.45583038869258	0	0
E3.Out.Pal.caes.2.20150125.M	0	1	0	0	0	1	0	0	0
E3.Out.Pal.caes.2.20150125.S	0	0	0	0	0	1	0	0	0
E7.10.Poc.dami.1.20150621.S	1	0	0	0	0	0	1	0	0
E7.10.Poc.dami.2.20150621.M	0	0.867171028153293	0.132828971846707	0.132828971846707	0	0.785687709289346	0.214312290710654	0.132828971846707	0.132828971846707
E7.10.Poc.dami.3.20150621.M	0	1	0	0	0	1	0	0	0
E7.10.Poc.dami.3.20150621.T	0	1	0	0	0	1	0	0	0
E7.10.Ser.cali.1.20150622.M	1	0	0	0	0.49740932642487	1	0	0	0
E7.10.Ser.cali.1.20150622.S	1	0	0	0	1	1	0	0	0
E7.10.Ser.cali.2.20150622.M	0	1	0	0	0	1	0	0	0
E7.10.Ser.cali.3.20150622.M	0	0.51304347826087	0	0	0	1	0	0	0
E7.10.Ser.cali.3.20150622.S	0	0	1	1	0	1	0	1	1
E7.17.Cyp.micr.1.20150621.M	0	0.808219178082192	0	0	0	1	0	0	0
E7.17.Cyp.micr.2.20150621.M	0	0.691780821917808	0	0	0	1	0	0	0
E7.17.Cyp.micr.2.20150621.S	1	0	0	0	1	1	0	0	0
E7.17.Cyp.micr.3.20150621.M	0	1	0	0	0	1	0	0	0
E7.17.Cyp.micr.3.20150621.S	1	0	0	0	1	1	0	0	0
E7.17.Ech.lame.1.20150620.M	0	0.628571428571429	0	0	0	1	0	0	0
E7.17.Ech.lame.1.20150620.S	1	0	0	0	0	0	1	0	0
E7.17.Ech.lame.2.20150620.M	0.424242424242424	0.575757575757576	0	0	0.424242424242424	1	0	0	0
E7.17.Ech.lame.2.20150620.S	1	0	0	0	0.58252427184466	1	0	0	0
E7.17.Ech.lame.2.20150620.T	1	0	0	0	1	1	0	0	0
E7.17.Ech.lame.3.20150620.M	0.497237569060774	0.502762430939227	0	0	0	1	0	0	0
E7.17.Fav.abdi.1.20150623.M	0	0.356521739130435	0	0	0	1	0	0	0
E7.17.Fav.abdi.1.20150623.S	0.469026548672566	0	0	0	0	1	0	0	0
E7.17.Fav.spA.1.20150623.S	0.461538461538462	0.35042735042735	0	0	0	1	0	0	0
E7.17.Fav.spA.2.20150623.S	0.610859728506787	0	0	0.389140271493213	0	1	0	0	0
E7.17.Fav.spB.1.20150623.M	0	0.811335774558191	0.188664225441809	0.188664225441809	0	1	0	0.188664225441809	0.188664225441809
E7.17.Fav.spC.1.20150623.S	1	0	0	0	1	1	0	0	0
E7.17.Hyd.exce.1.20150620.M	0	0.581340834505391	0.0210970464135021	0.0210970464135021	0	1	0	0.0210970464135021	0.0210970464135021
E7.17.Hyd.exce.1.20150620.S	1	0	0	0	1	1	0	0	0
E7.17.Hyd.exes.1.20150622.M	0	0.528455284552846	0	0	0	1	0	0	0
E7.17.Mer.ampl.1.20150621.M	0	0.597345132743363	0	0	0	1	0	0	0
E7.17.Mer.ampl.1.20150621.T	0	0	1	1	0	1	0	1	1
E7.17.Mer.ampl.2.20150621.T	0	1	0	0	0	1	0	0	0
E7.17.Mer.ampl.3.20150621.M	0.463780918727915	0.390459363957597	0	0	0	1	0	0	0
E7.17.Myc.elep.1.20150622.M	0	0.154696132596685	0	0	0	1	0	0	0
E7.17.Myc.elep.1.20150622.S	0	0	0	0	0	1	0	0	0
E7.17.Pla.sine.1.20150622.S	1	0	0	0	0	1	0	0	0
E7.17.Pla.sine.1.20150622.T	1	0	0	0	0	1	0	0	0
E7.17.Pla.sine.2.20150622.M	0.43448275862069	0.324137931034483	0	0	0	1	0	0	0
E7.17.Pla.sine.3.20150622.M	0	0.442048517520216	0	0	0	1	0	0	0
E7.17.Pla.sine.3.20150622.S	1	0	0	0	1	1	0	0	0
E7.17.Pla.sine.3.20150622.T	1	0	0	0	1	1	0	0	0
E7.19.Lob.hemp.1.20150619.M	0	1	0	0	0	1	0	0	0
E7.19.Lob.hemp.1.20150619.S	0.405405405405405	0	0	0	0	1	0	0	0
E7.19.Lob.hemp.1.20150621.S	1	0	0	0	1	1	0	0	0
E7.19.Lob.hemp.1.20150621.T	1	0	0	0	0	1	0	0	0
E7.19.Lob.hemp.2.20150619.M	0	0	0	0	0	1	0	0	0
E7.19.Lob.hemp.2.20150619.S	0	0	0	0	0	1	0	0	0
E7.3.Por.loba.1.20150619.M	0	1	0	0	0	0	1	0	0
E7.3.Por.loba.1.20150619.S	0	0.792270531400966	0	0	0	0.792270531400966	0.207729468599034	0	0
E7.3.Por.loba.2.20150619.M	0	1	0	0	0	1	0	0	0
E7.3.Por.loba.3.20150619.M	0	1	0	0	0	1	0	0	0
E7.3.Por.loba.4.20150619.M	0	1	0	0	0	1	0	0	0
E7.5.Gal.astr.1.20150622.M	0	0.587301587301587	0	0	0	1	0	0	0
E7.5.Gal.astr.1.20150622.S	0.547445255474453	0.452554744525547	0	0	0.547445255474453	1	0	0	0
E7.5.Gal.astr.1.20150622.T	0.668316831683168	0.331683168316832	0	0	0.668316831683168	1	0	0	0
E7.5.Gal.fasc.1.20150621.M	0	0.660194174757281	0	0	0	1	0	0	0
E7.5.Gal.fasc.1.20150621.T	1	0	0	0	0	1	0	0	0
E7.6.Acr.hyac.1.20150622.M	0	0.642659279778393	0.0914127423822715	0.0914127423822715	0	1	0	0.0914127423822715	0.0914127423822715
E7.6.Acr.hyac.1.20150622.S	0.389312977099237	0	0	0	0	1	0	0	0
E7.6.Acr.hyac.2.20150622.M	0	0.46031746031746	0	0	0	1	0	0	0
E7.6.Acr.hyac.2.20150622.S	1	0	0	0	0	0.614814814814815	0.385185185185185	0	0
E7.6.Acr.hyac.3.20150622.M	0	0.682151589242054	0	0	0	1	0	0	0
E7.6.Acr.hyac.3.20150622.T	0	0	0	0	0	1	0	0	0
E7.6.Mon.aequ.1.20150620.M	1	0	0	0	1	1	0	0	0
E7.6.Mon.aequ.1.20150620.S	1	0	0	0	0	0	1	0	0
E7.6.Mon.aequ.1.20150620.T	0	1	0	0	0	1	0	0	0
E7.6.Mon.aequ.2.20150620.M	0.366906474820144	0.480575539568345	0	0	0	1	0	0	0
E7.6.Mon.aequ.2.20150620.S	0.395833333333333	0.354166666666667	0.25	0	0.395833333333333	0.75	0.25	0	0
E7.6.Mon.aequ.2.20150620.T	0	0	0.172774869109948	0.172774869109948	0	1	0	0.172774869109948	0.172774869109948
E7.6.Mon.aequ.3.20150620.M	0	1	0	0	0	1	0	0	0
E7.6.Mon.aequ.3.20150620.S	1	0	0	0	1	1	0	0	0
E7.6.Mon.aequ.3.20150620.T	1	0	0	0	0	1	0	0	0
E7.6.Mon.aequ.4.20150620.S	1	0	0	0	0	1	0	0	0
E7.6.Mon.aequ.4.20150620.T	1	0	0	0	0	1	0	0	0
E7.7.Pav.vari.1.20150622.M	0	0.399551066217733	0	0	0	1	0	0	0
E7.7.Pav.vari.2.20150622.M	0	0.486842105263158	0	0	0	1	0	0	0
E7.7.Pav.vari.2.20150622.T	0	1	0	0	0	1	0	0	0
E7.Sed.1.20150620	0	1	0	0	0	1	0	0	0
E7.Sed.1.20150623	0	0	0	0	0	1	0	0	0
Negative.Control.4	1	0	0	0	0	1	0	0	0
