	M00175_Nitrogen_fixation_nitrogen_ammonia_	M00176_Sulfur_reduction_sulfate_H2S_	M00453_QseC_QseB_quorum_sensing_two_component_regulatory_system_	M00506_CheA_CheYBV_chemotaxis_two_component_regulatory_system_	M00513_LuxQN_CqsS_LuxU_LuxO_quorum_sensing_two_component_regulatory_system_
1256-004-C118-S	0	0	0	0	0
1256-010-C120-S	0	0	0	0	0
1256-011-C120-T	0	0	0	0	0
1256-013-C121-S	0	0	0	0	0
1256-014-C121-T	0	0	0	0	0
1256-018-C122-T	0	0	0	0	0
1256-020-C123-S	0	0	0	0	0
1256-021-C123-T	0	0	0	0	0
1256-034-Control	0	1	0	0	0
1256-040-C143-M	0	0	0	0	0
1256-041-C143-S	0	0	0	0	0
1256-042-C143-T	0	0	0	0	0
1256-043-C144-M	0	0	0	0	0
1256-044-C144-S	0	0	0	0	0
1256-045-C144-T	0	0	0	0	0
1256-046-C145-M	0	0	0	0	0
1256-047-C145-S	0	0	0	0	0
1256-048-C145-T	0	0	0	0	0
1256-056-C150-M	0	0	0	0	0
1256-062-C152-M	0	0	0	0	0
1256-068-C327-M	0	1	0	0	0
1256-069-C327-S	0	0	0	0	0
1256-070-C327-T	0	1	0	0	0
1256-071-C328-M	0	1	0	0	0
1256-073-C328-T	0	0.304075235109718	0	0	0
1256-075-C370-T	0	0	0	0	0
1256-077-C372-T	0	1	0	0	0
1256-078-C373-T	0	1	0	0	0
1256-079-C386-T	0	0.957859531772575	0	0	0
1256-080-C435-T	0	0.0617760617760618	0	0	0
1256-081-C436-T	0	1	0	0	0
1256-082-C437-T	0	1	0	0	0
1256-084-Control	0	1	0	0	0
1256-085-C410-H	0	0	0	0	0
1256-088-C419-H	0	1	0	0	0
1256-095-SING11-T	0	1	0	0	0
1256-096-SING12-T	0	1	0	0	0
1256-097-SING13-T	0	1	0	0	0
1256-098-SING09-T	0	1	0	0	0
1256-099-SING14-T	0	1	0	0	0
1256-100-BLANK	0	1	0	0	0
1256-101-PW164-M	0	1	0	0	0
1256-102-PW164-S	0	0	0	0	0
1256-103-PW164-T	0	0	0	0	0
1256-104-PW165-M	0	1	0	0	0
1256-106-PW165-T	0	1	0	0	0
1256-107-PW166-M	0	1	0	0	0
1256-109-PW166-T	0	1	0	0	0
1256-110-PW167-M	0	1	0	0	0
1256-113-PW168-M	0	1	0	0	0
1256-114-PW168-S	0	0	0	0	0
1256-116-PW169-M	0	1	0	0	0
1256-120-PW170-M	0	1	0	0	0
1256-123-PW171-M	0	1	0	0	0
1256-126-PW172-M	0	1	0	0	0
1256-129-PW174-M	0	1	0	0	0
1256-130-PW174-S	0	0.221374045801527	0	0	0
1256-132-PW175-M	0	1	0	0	0
1256-133-Control	0	1	0	0	0
1256-134-PW176-M	0	1	0	0	0
1256-137-PW177-M	0	1	0	0	0
1256-140-PW178-M	0	1	0	0	0
1256-142-PW178-T	0	0	0	0	0
1256-143-PW181-M	0	1	0	0	0
1256-145-PW182-M	0	1	0	0	0
1256-147-PW182-T	0	1	0	0	0
1256-148-PW183-M	0	1	0	0	0
1256-152-PW185-M	0	1	0	0	0
1256-155-PW186-M	0	1	0	0	0
1256-156-PW186-S	0	0.409448818897638	0	0	0
1256-158-PW187-M	0	1	0	0	0
1256-161-PW190-M	0	1	0	0	0
1256-162-PW190-S	0	1	0	0	0
1256-163-PW191-M	0	0.150782361308677	0	0	0
1256-166-BLANK	0	1	0	0	0
1256-169-PW193-M	0	1	0	0	0
1256-172-PW194-M	0	1	0	0	0
1256-175-PW195-M	0	0.203125	0	0	0
1256-190-PW202-M	0	0	0	0	0
1256-193-PW203-M	0	1	0	0	0
1256-194-PW203-S	0	0	0	0	0
1256-196-PW204-M	0	1	0	0	0
1256-199-HI4-T	0	1	0	0	0
1256-203-HI7-M	0	1	0	0	0
1256-204-HI7-S	0	1	0	0	0
1256-205-HI7-T	0	1	0	0	0
1256-206-HI8-M	0	1	0	0	0
1256-207-HI8-S	0	1	0	0	0
1256-209-HI10-M	0	1	0	0	0
1256-210-HI10-S	0	1	0	0	0
1256-211-HI10-T	0	1	0	0	0
1256-212-HI57-M	0	1	0	0	0
1256-215-Control	0	1	0	0	0
1256-216-HI58-M	0	1	0	0	0
1256-218-HI58-T	0	1	0	0	0
1256-219-HI59-M	0	1	0	0	0
1256-221-HI59-T	0	1	0	0	0
1256-222-HI60-M	0	1	0	0	0
1256-225-HI61-M	0	1	0	0	0
1256-238-HI65-M	0	1	0	0	0
1256-240-HI65-T	0	0	0	0	0
1256-241-HI66-M	0	1	0	0	0
1256-245-HI67-S	0	0	0	0	0
1256-246-HI67-T	0	0	0	0	0
1256-247-HI68-M	0	1	0	0	0
1256-248-Control	0	1	0	0	0
1256-249-HI68-S	0	1	0	0	0
1256-251-HI69-M	0	1	0	0	0
1256-252-HI69-S	0	0	0	0	0
1256-254-HI70-M	0	1	0	0	0
1256-259-HIB-M	0	1	0	0	0
1256-262-HICM	0	1	0	0	0
1256-264-Control	0	1	0	0	0
1256-269-HIE-M	0	1	0	0	0
1256-278-HIPAL-S	0	1	0	0	0
1256-289-P7-S	0	0	0	0	0
1256-291-P8-M	0	1	0	0	0
1256-295-Control	0	1	0	0	0
1256-302-P15-M	0	1	0	0	0
1256-316-P485-T	0	1	0	0	0
1256-319-P486-M	0	0	0	0	0
1256-322-P489-T	0	0	0	0	0
1256-326-P494-M	0	1	0	0	0
1256-340-P504-M	0	1	0	0	0
1256-343-P507-T	0	1	0	0	0
1256-344-P508-M	0	1	0	0	0
1256-350-P511-M	0	1	0	0	0
E1.10.Poc.dami.1.20140728.M	0	0.0695457094784072	0.0695457094784072	0	0
E1.10.Poc.dami.1.20140731.M	0	0	0	0	0
E1.10.Poc.dami.1.20140731.S	0	0	0	0	0
E1.10.Poc.dami.1.20140905.S	0	0.123931623931624	0	0	0.123931623931624
E1.10.Sty.pist.1.20140807.M	0	0	0	0	0
E1.10.Sty.pist.1.20140807.S	0	0	0	0	0
E1.10.Sty.pist.1.20140815.M	0	0.03076171875	0	0	0.03076171875
E1.10.Sty.pist.1.20140815.S	0	0	0	0	0
E1.10.Sty.pist.1.20140815.T	0	0	0.249169435215947	0	0
E1.11.Fun.sp.1.20140730.M	0	0.24	0	0	0
E1.11.Fun.sp.1.20140730.T	0	0.20774046670461	0	0	0
E1.11.Fun.sp.1.20140811.M	0	0	0	0	0
E1.11.Fun.sp.1.20140811.S	0	0.425641025641026	0	0	0.425641025641026
E1.11.Lep.tran.1.20140731.M	0	0	0	0	0
E1.11.Lep.tran.1.20140731.S	0	0.694444444444444	0	0	0
E1.11.Psa.digi.1.20140807.M	0	0	0	0	0
E1.11.Psa.digi.1.20140807.S	0	0	0	0	0
E1.14.Phy.lich.1.20140801.M	0	0	0	0	0
E1.14.Phy.lich.1.20140801.S	0	0	0	0	0
E1.14.Phy.lich.1.20140801.T	0	0	0	0	0
E1.14.Phy.lich.1.20140811.M	0.868852459016393	0.131147540983607	0.131147540983607	0	0
E1.14.Phy.lich.1.20140811.S	0	0	0	0	0
E1.14.Phy.lich.1.20140811.T	0	0.17905102954342	0.17905102954342	0	0
E1.15.Dip.heli.1.20140726.M	0	0	0	0	0
E1.15.Dip.heli.1.20140726.T	0	1	0	0	0
E1.15.Dip.heli.1.20140809.M	0	0	0	0	0
E1.15.Dip.heli.1.20140809.S	0	0	0	0	0
E1.15.Dip.heli.1.20140809.T	0	1	0	0	0
E1.15.Dip.heli.1.20140815.M	0	0	0	0	0
E1.15.Dip.heli.1.20140905.M	0	1	0	0	1
E1.15.Dip.heli.1.20140905.S	0	1	0	0	1
E1.15.Dip.heli.1.20140905.T	0	1	0	0	0.134328358208955
E1.17.Cau.furc.1.20140801.DS	0	1	0	0	0
E1.17.Cau.furc.1.20140801.T	0	0	0	0	0
E1.17.Ech.lame.1.20140905.M	0	0.0552995391705069	0	0	0.0552995391705069
E1.17.Ech.lame.1.20140905.S	0.330308529945554	0.515063520871143	0	0	0.0903811252268603
E1.17.Ech.lame.1.20140905.T	0	0.200626959247649	0	0	0.200626959247649
E1.17.Ech.mamm.1.20140728.M	0.388986013986014	0	0	0	0
E1.17.Ech.mamm.1.20140728.S	0	0	0	0	0
E1.17.Ech.mamm.1.20140728.T	0	0	0	0	0
E1.17.Ech.mamm.1.20140815.M	0	0.105882352941176	0	0	0.105882352941176
E1.17.Ech.mamm.1.20140815.S	0	0	0.108262108262108	0	0
E1.17.Ech.mamm.1.20140815.T	0	0.263157894736842	0	0	0
E1.17.Fav.sp.1.20140805.T	0	0.3125	0	0	0
E1.17.Fav.sp.1.20140811.M	0	0	0	0	0
E1.17.Fav.sp.1.20140811.T	0	0	0	0	0
E1.17.Fav.sp.2.20140805.M	0	1	0	0	1
E1.17.Fav.sp.2.20140805.T	0	0	0	0	0
E1.17.Hyd.exes.1.20140803.M	0	0	0	0	0
E1.19.Lob.sp.1.20140730.M	0	0.186440677966102	0	0	0.186440677966102
E1.19.Lob.sp.1.20140730.T	0	0	0	0	0
E1.19.Lob.sp.1.20140809.M	0	0.476624857468643	0	0	0.088939566704675
E1.19.Lob.sp.1.20140809.S	0	0	0	0	0
E1.19.Lob.sp.1.20140809.T	0	0	0	0	0
E1.19.Sym.sp.1.20140724.M	0	0	0	0	0
E1.19.Sym.sp.1.20140724.S	0	0	0	0	0
E1.19.Sym.sp.1.20140814.M	0	0	0	0	0
E1.19.Sym.sp.1.20140814.S	0	0	0	0	0
E1.19.Sym.sp.1.20140814.T	0	0.491754122938531	0	0	0
E1.19.Sym.sp.1.20140815.M	0	0	0.541632983023444	0	0
E1.19.Sym.sp.1.20140815.S	0	0	0	0	0
E1.19.Sym.sp.1.20140815.T	0	0	0.118483412322275	0	0
E1.19.Sym.sp.1.20140905.M	0	0.331243469174504	0	0	0.038662486938349
E1.19.Sym.sp.1.20140905.S	0	0.695512820512821	0	0	0.0544871794871795
E1.19.Sym.sp.1.20140905.T	0	0	0	0	0
E1.2.Tur.reni.1.20140730.M	0	0	0	0	0
E1.2.Tur.reni.1.20140730.S	0	0	0	0	0
E1.2.Tur.reni.1.20140730.T	0	1	0	0	0
E1.2.Tur.reni.1.20140814.M	0	0	0	0	0
E1.2.Tur.reni.1.20140814.T	0	0.397228637413395	0	0	0
E1.2.Tur.stel.1.20140805.S	0	0.433962264150943	0	0	0
E1.2.Tur.stel.1.20140805.T	0	0	0	0	0
E1.3.Por.cyli.1.20140801.M	0	0	0	0	0
E1.3.Por.cyli.1.20140801.S	0	0	0	0	0
E1.3.Por.cyli.1.20140801.T	0	0	0	0	0
E1.3.Por.cyli.1.20140815.M	0	0	0	0	0
E1.3.Por.cyli.1.20140815.T	0	0.056672760511883	0	0	0.056672760511883
E1.3.Por.loba.1.20140724.M	0	0.56140350877193	0	0	0.56140350877193
E1.3.Por.loba.1.20140724.S	0	0	0	0	0
E1.3.Por.loba.1.20140724.T	0	0	0	0	0
E1.3.Por.loba.1.20140726.M	0	0	0	0	0
E1.3.Por.loba.1.20140726.S	0	1	0	0	0
E1.3.Por.loba.1.20140726.T	0	0.0496760259179266	0	0	0.0496760259179266
E1.3.Por.loba.1.20140905.M	0	0.239130434782609	0	0	0.239130434782609
E1.4.Pac.rugo.1.20140728.M	0	0	0	0	0
E1.4.Pac.rugo.1.20140728.S	0.363864491844417	0.222082810539523	0	0	0.222082810539523
E1.4.Pac.rugo.1.20140728.T	0	0	0	0	0
E1.4.Pac.rugo.1.20140814.M	0	0	0	0	0
E1.4.Pac.rugo.1.20140814.T	0	0	0	0	0
E1.4.Pac.spec.1.20140801.S	0	0	0	0	0
E1.4.Pac.spec.1.20140801.T	0.404891753429185	0.18096182449182	0.18096182449182	0	0
E1.4.Pac.spec.1.20140811.M	0	0	0	0	0
E1.4.Pac.spec.1.20140811.S	0	0	0	0	0
E1.4.Pac.spec.1.20140811.T	0.203252032520325	0	0	0	0
E1.5.Gal.astr.1.20140728.M	0	0.500658761528327	0	0	0
E1.5.Gal.astr.1.20140728.S	0	0	0	0	0
E1.5.Gal.astr.1.20140807.M	0	0.0970059880239521	0	0	0.0970059880239521
E1.5.Gal.astr.1.20140807.S	0	0	0	0	0
E1.5.Gal.astr.1.20140807.T	0	0	0	0	0
E1.5.Gal.astr.1.20140814.M	0	0	0	0	0
E1.5.Gal.astr.1.20140814.S	0	0	0	0	0
E1.5.Gal.astr.1.20140814.T	0	0	0	0	0
E1.5.Gal.astr.1.20140905.M	0	0.0950226244343891	0	0	0.0950226244343891
E1.5.Gal.astr.1.20140905.T	0	0.109375	0	0	0
E1.6.Acr.humi.1.20140731.M	0	0	0	0	0
E1.6.Acr.humi.1.20140731.S	0	0	0	0	0
E1.6.Acr.humi.1.20140731.T	0	0	0	0	0
E1.6.Acr.sp.1.20140726.S	0.461538461538462	0	0.538461538461538	0	0
E1.6.Acr.sp.1.20140905.M	0	1	0	0	1
E1.6.Acr.sp.1.20140905.S	0	1	0	0	0.301611665387567
E1.6.Acr.sp.1.20140905.T	0	1	0	0	1
E1.6.Iso.pali.1.20140803.M.2	0	0.1	0	0	0.1
E1.6.Iso.pali.1.20140803.M	0	1	0	0	1
E1.6.Iso.pali.1.20140803.S.2	0	1	0	0	0
E1.6.Iso.pali.1.20140803.T	0	1	0	0	0
E1.6.Iso.pali.1.20140815.M	0	0.0756302521008403	0	0	0.0756302521008403
E1.6.Iso.pali.1.20140815.T	0	0	0	0	0
E1.6.Mon.hisp.1.20140807.M	0.597014925373134	0	0	0	0
E1.6.Mon.hisp.1.20140807.S	0	0	0	0	0
E1.6.Mon.hisp.1.20140807.T	0	0	0	0	0
E1.7.Pav.sp.1.20140905.M	0	0.729982466393922	0	0	0.163062536528346
E1.7.Pav.sp.1.20140905.S	0	1	0	0	1
E1.7.Pav.vari.1.20140805.M	0	0	0	0	0
E1.7.Pav.vari.1.20140815.M	0	0	0	0	0
E1.7.Pav.vari.1.20140815.S	0	0	0	0	0
E1.7.Pav.vari.1.20140815.T	0	1	0	0	0
E1.7.Pav.veno.1.20140809.M	0	0.56	0	0	0
E1.7.Pav.veno.1.20140809.S	0	0	0	0	0
E1.7.Pav.veno.1.20140809.T	1	0	0	0	0
E1.7.Pav.veno.1.20140811.M	0	0	0	0	0
E1.7.Pav.veno.1.20140811.S	0	0	0	0	0
E1.Out.Hel.coer.1.20140811.M	0	0.0721649484536082	0	0	0
E1.Out.Hel.coer.1.20140811.S	0	0	0	0	0
E1.Out.Hel.coer.1.20140811.T	0	1	0	0	0
E1.Out.Mil.sp.1.20140814.M	0	0.40506329113924	0	0	0
E1.Out.Mil.sp.1.20140814.S	0	0	0	0	0
E1.Out.Mil.sp.1.20140814.T	0	0	0	0	0
E1.Out.Pal.caes.1.20140809.M	0	0.0076988879384089	0	0	0.0076988879384089
E1.Out.Pal.caes.1.20140809.T	0	0	0	0	0
E1.Out.Pal.caes.1.20140815.S	0	1	0	0	0
E10.10.Poc.dami.1.20150630.M	0	0	0	0	0
E10.10.Sty.pist.1.20150630.M	0	0.173272933182333	0.141562853907135	0	0.173272933182333
E10.10.Sty.pist.1.20150630.S	0	0	0	0	0
E10.10.Sty.pist.2.20150630.M	0	0	0	0	0
E10.10.Sty.pist.3.20150630.M	0	0	0	0	0
E10.10.Sty.pist.3.20150630.S	0	0	0	0	0
E10.17.Fav.abdi.1.20150630.M	0.0990990990990991	0	0	0	0
E10.17.Fav.abdi.1.20150630.S	1	0	0	0	0
E10.17.Fav.abdi.1.20150630.T	1	0	0	0	0
E10.17.Fav.abdi.2.20150630.M	0	0	0	0	0
E10.17.Fav.pali.1.20150630.S	0	0	0	0	0
E10.17.Gon.favu.1.20150629.M	0	0	0.0930232558139535	0	0
E10.17.Gon.favu.1.20150629.S	0	0	0	0	0
E10.17.Gon.favu.1.20150629.T	0	0	0	0	0
E10.17.Gon.favu.1.20150630.M	0.452488687782805	0	0	0	0
E10.17.Gon.favu.1.20150630.S	0	0	0	0	0
E10.17.Gon.favu.1.20150630.T	0	0.0254872563718141	0	0	0.0254872563718141
E10.17.Gon.favu.2.20150630.M	0.23125	0	0	0	0
E10.17.Gon.favu.2.20150630.S	0	0	0	0	0
E10.17.Gon.favu.2.20150630.T	0	0.646067415730337	0	0	0
E10.17.Mon.curt.3.20150629.M	0	0	0.107843137254902	0	0
E10.17.Mon.curt.3.20150629.S	0.0121580547112462	0	0	0	0
E10.17.Mon.curt.3.20150629.T	1	0	0	0	0
E10.Aca.hill.1.20150629.S	0	0	0	0	0
E10.Aca.hill.1.20150629.T	0.258064516129032	0	0	0	0
E10.Aca.hill.2.20150629.M	0.446927374301676	0	0	0	0
E10.Aca.hill.2.20150629.S	0	0	0	0	0
E10.Aca.hill.2.20150629.T	0	0	0	0	0
E10.Aca.hill.3.20150629.M	0	0	0	0	0
E10.Aca.hill.3.20150629.S	0	0	0	0	0
E10.Aca.hill.3.20150629.T	0	0	0	0	0
E10.Acr.cyth.1.20150627.M	0	0	0	0	0
E10.Acr.cyth.1.20150627.S	0	0.0758500435919791	0.38360941586748	0	0.0758500435919791
E10.Acr.cyth.1.20150627.T	0	0	0	0	0
E10.Acr.cyth.2.20150627.M	0	0	0	0	0
E10.Acr.cyth.2.20150627.S	0	0	0.0636942675159236	0	0
E10.Acr.cyth.2.20150627.T	0	0	1	0	0
E10.Acr.cyth.3.20150627.M	0	0	0	0	0
E10.Acr.cyth.3.20150627.S	0.246666666666667	0	0	0	0
E10.Acr.cyth.3.20150627.T	0	0	0	0	0
E10.Acr.pali.1.20150627.M	0	0	0	0	0
E10.Acr.pali.2.20150627.M	0	0.0460947503201024	0	0	0.0460947503201024
E10.Acr.pali.2.20150627.S	0	0	0	0	0
E10.Acr.pali.3.20150627.M	0	0.342657342657343	0	0	0.342657342657343
E10.Acr.pali.3.20150627.S	0.420600858369099	0	0	0	0
E10.Alv.alli.1.20150628.M	0	0	0	0	0
E10.Alv.alli.1.20150628.T	0	0.615384615384615	0	0	0.615384615384615
E10.Alv.alli.2.20150628.M	0.0993788819875776	0	0	0	0
E10.Alv.alli.2.20150628.T	0	0	0	0	0
E10.Alv.alli.3.20150628.M	0	0	0	0	0
E10.Alv.alli.3.20150628.S	0	0.550724637681159	0	0	0
E10.Alv.alli.3.20150628.T	0	0	0	0	0
E10.Cyp.micr.1.20150627.M	0	0	0	0	0
E10.Cyp.micr.1.20150627.S	0	0	0	0	0
E10.Cyp.micr.1.20150627.T	0	0	0	0	0
E10.Cyp.sera.2.20150628.M	0	0	0	0	0
E10.Fav.abdi.1.20150629.M	1	0	0	0	0
E10.Fav.abdi.1.20150629.S	0.263322884012539	0	0	0	0
E10.Fav.abdi.1.20150629.T	1	0	0	0	0
E10.Mon.curt.1.20150629.M	1	0	0	0	0
E10.Mon.curt.1.20150629.S	0.438356164383562	0	0	0	0
E10.Mon.curt.1.20150629.T	1	0	0	0	0
E10.Mon.curt.2.20150629.M	0.47811695476278	0	0	0	0
E10.Mon.curt.2.20150629.S	0.03125	0	0	0	0
E10.Mon.curt.2.20150629.T	1	0	0	0	0
E10.Poc.dami.1.20150628.M	0	0	0	0	0
E10.Poc.dami.1.20150628.S	0	0	0	0	0
E10.Poc.dami.2.20150628.M	1	0	0	0	0
E10.Poc.dami.2.20150628.S	0	0.105960264900662	0	0	0
E10.Por.hero.2.20150628.M	0	0	0	0	0
E10.Sed.1.20150627	0	0.247058823529412	0	0	0
E10.Sed.1.20150628	0	0	0	0	0
E10.Ser.cali.1.20150627.M	0.441939120631342	0	0	0	0
E10.Ser.cali.1.20150627.S	0	0	0	0	0
E10.Ser.cali.2.20150627.M	0	0	0	0	0
E10.Ser.cali.3.20150627.M	0	0	0	0	0
E10.Ser.cali.3.20150627.T	0	1	0	0	1
E10.Sty.pist.1.20150628.S	0	0.0357142857142857	0	0	0
E10.Water.1.20150629	0	0	0	0	0
E3.10.Sty.pist.1.20150124.M	0	0	0	0	0
E3.10.Sty.pist.1.20150124.S	0	0	0	0	0
E3.10.Sty.pist.1.20150127.M	0	0	0	0	0
E3.10.Sty.pist.1.20150127.S	0	0	0	0	0
E3.10.Sty.pist.2.20150124.M	0	0	0	0	0
E3.10.Sty.pist.2.20150124.S	0	0	0	0	0
E3.11.Fun.sp.1.20150125.M	0	0	0	0	0
E3.11.Fun.sp.1.20150125.T	0	0	0	0	0
E3.11.Fun.sp.1.20150127.M	0	0	0	0	0
E3.11.Fun.sp.1.20150127.S	0	1	0	0	0
E3.11.Fun.sp.1.20150127.T	0	0	0	0	0
E3.11.Fun.sp.2.20150125.M	0	0	0	0	0
E3.11.Fun.sp.2.20150125.T	0	0	0	0	0
E3.14.Phy.lich.1.20150125.M	0	0.0103412616339193	0	0	0
E3.14.Phy.lich.1.20150125.S	0	0	0	0	0
E3.14.Phy.lich.1.20150125.T	0	1	0	0	1
E3.14.Phy.lich.1.20150129.M	0	0	0	0	0
E3.14.Phy.lich.1.20150129.S	0	0	0	0	0
E3.14.Phy.lich.2.20150125.M	0	0	0	0	0
E3.14.Phy.lich.2.20150125.T	0	0	0	0	0
E3.15.Dip.heli.1.20150105.M	0	0.611973392461197	0	0	0.611973392461197
E3.15.Dip.heli.1.20150105.S	0	0	0	0	0
E3.15.Dip.heli.1.20150105.T	0	1	0	0	0
E3.15.Dip.heli.1.20150106.M	0	0.185929648241206	0	0	0
E3.15.Dip.heli.1.20150106.T	0	0.176744186046512	0	0	0
E3.15.Dip.heli.1.20150118.M	0	0	0	0	0
E3.15.Dip.heli.1.20150118.S	0	0.57617728531856	0	0	0
E3.15.Dip.heli.1.20150118.T	0	0	0	0	0
E3.15.Dip.heli.1.20150119.M	0	0	0	0	0
E3.15.Dip.heli.1.20150119.S	0	0	0	0	0
E3.15.Dip.heli.1.20150120.M	0	0	0	0	0
E3.15.Dip.heli.1.20150120.T	0	0	0	0	0
E3.15.Dip.heli.1.20150121.M	0.125391849529781	0	0	0	0
E3.15.Dip.heli.1.20150121.S	0	0	0	0	0
E3.15.Dip.heli.1.20150121.T	0	0	0	0	0
E3.15.Dip.heli.1.20150123.M	0.533707865168539	0.466292134831461	0	0	0.466292134831461
E3.15.Dip.heli.1.20150123.T	0	0	0	0	0
E3.15.Dip.heli.2.20150105.M	0	0	0	0	0
E3.15.Dip.heli.2.20150106.M	0	0	0	0	0
E3.15.Dip.heli.2.20150106.S	0	0	0	0	0
E3.15.Dip.heli.2.20150106.T	0	0.170940170940171	0	0	0
E3.15.Dip.heli.2.20150119.M	0.198757763975155	0	0	0	0
E3.15.Dip.heli.2.20150119.T	0	0	0	0	0
E3.15.Dip.heli.2.20150120.M	0	0.113082039911308	0	0	0.113082039911308
E3.15.Dip.heli.2.20150121.M	0	0	0	0	0
E3.15.Dip.heli.2.20150121.T	0	0	0	0	0
E3.15.Dip.heli.2.20150123.M	0	0.0748663101604278	0	0	0.0748663101604278
E3.15.Dip.heli.2.20150123.T	0	0	0	0	0
E3.15.Dip.heli.3.20150105.M	0	0	0	0	0
E3.15.Dip.heli.3.20150105.S	0	1	0	0	0
E3.15.Dip.heli.3.20150106.S	0	1	0	0	0
E3.15.Dip.heli.3.20150120.M	0.104046242774566	0	0	0	0
E3.15.Dip.heli.3.20150120.S	0	0	0	0	0
E3.15.Dip.heli.3.20150120.T	0	0	0	0	0
E3.15.Dip.heli.3.20150121.M	0.239341810022438	0	0	0	0
E3.15.Dip.heli.3.20150121.S	0	1	0	0	0
E3.15.Dip.heli.3.20150121.T	0	0	0	0	0
E3.15.Dip.heli.3.20150123.M	0	0	0	0	0
E3.15.Dip.heli.3.20150123.T	0	0.722222222222222	0	0	0
E3.15.Dip.heli.4.20150105.M	0.18577648766328	0	0	0	0
E3.15.Dip.heli.4.20150105.T	0	1	0	0	1
E3.17.Ech.horr.1.20150123.S	0	0.190184049079755	0	0	0
E3.17.Ech.horr.1.20150123.T	0	0	0	0	0
E3.17.Ech.mamm.1.20150123.M	0	0	0	0	0
E3.17.Ech.mamm.1.20150123.S	0	0	0	0	0
E3.17.Ech.mamm.1.20150123.T	0	0	0	0	0
E3.17.Ech.mamm.1.20150127.M	0.774944293141867	0.187917801435999	0.0371379054221342	0	0.187917801435999
E3.17.Ech.mamm.1.20150127.T	0	0	0	0	0
E3.17.Ech.mamm.1.20150129.M	0	0	0	0	0
E3.17.Ech.mamm.1.20150129.S	0	0	0	0	0
E3.17.Ech.mamm.1.20150129.T	0.433070866141732	0	0	0	0
E3.19.Sym.sp.1.20150125.M	0	0	0	0	0
E3.19.Sym.sp.1.20150127.M	0	0	0.0256410256410256	0	0
E3.19.Sym.sp.1.20150127.S	0	0	0	0	0
E3.19.Sym.sp.1.20150127.T	0	0	0	0	0
E3.19.Sym.sp.2.20150125.M	0	0	0	0	0
E3.19.Sym.sp.2.20150125.S	0	0	0	0	0
E3.2.Tur.reni.1.20150124.M	0	0	0	0	0
E3.2.Tur.reni.1.20150124.T	0	0	0	0	0
E3.2.Tur.reni.1.20150127.M	0	0	0	0	0
E3.2.Tur.reni.1.20150127.S	0	0	0	0	0
E3.2.Tur.reni.1.20150127.T	0	0	0	0	0
E3.2.Tur.reni.2.20150124.M	0.27027027027027	0	0	0	0
E3.3.Por.cyli.1.20150123.M	0	0	0	0	0
E3.3.Por.cyli.1.20150123.S	0	0	0	0	0
E3.3.Por.cyli.1.20150123.T	0	0	0	0	0
E3.3.Por.cyli.1.20150127.M	0	0.0151591712986357	0	0	0
E3.3.Por.cyli.1.20150127.S	0	0	0	0	0
E3.3.Por.cyli.1.20150127.T	0	0	0	0	0
E3.3.Por.cyli.2.20150123.M	0	0	0	0	0
E3.3.Por.cyli.2.20150123.S	0	0	0	0	0
E3.3.Por.cyli.2.20150123.T	0	0	0	0	0
E3.4.Pac.rugo.1.20150127.M	0	0	0	0	0
E3.4.Pac.rugo.1.20150127.T	0	0	0	0	0
E3.4.Pac.rugo.1.20150128.M	0	0	0	0	0
E3.4.Pac.rugo.1.20150128.S	1	0	0	0	0
E3.4.Pac.rugo.1.20150128.T	0	0	0	0	0
E3.4.Pac.spec.1.20150128.M	0	0	0	0	0
E3.4.Pac.spec.1.20150128.S	0	0	0	0	0
E3.4.Pac.spec.1.20150128.T	0	0	0	0	0
E3.4.Pac.spec.1.20150129.M	0	0	0	0	0
E3.4.Pac.spec.1.20150129.S	0	0.357142857142857	0.642857142857143	0	0
E3.4.Pac.spec.1.20150129.T	0	0.259208731241473	0	0	0
E3.5.Gal.astr.1.20150124.M	0.496687326351785	0.166702286813422	0.166702286813422	0	0
E3.5.Gal.astr.1.20150124.S	0	0	0	0	0
E3.5.Gal.astr.1.20150124.T	0	0.119496855345912	0	0	0.119496855345912
E3.5.Gal.astr.2.20150124.S	0	0	0	0	0
E3.5.Gal.astr.2.20150124.T	0	0	0	0	0
E3.5.Gal.astr.2.20150127.M	0	0	0	0	0
E3.5.Gal.astr.2.20150127.S	0	0	0	0	0
E3.6.Acr.hyac.1.20150105.M	0	0	0	0	0
E3.6.Acr.hyac.1.20150105.S	0.808743169398907	0	0	0	0
E3.6.Acr.hyac.1.20150106.M	0.122399020807834	0	0	0	0
E3.6.Acr.hyac.1.20150106.S	0.244988864142539	0	0	0	0
E3.6.Acr.hyac.1.20150106.T	0.288028802880288	0	0	0	0
E3.6.Acr.hyac.1.20150118.S	0	0	0	0	0
E3.6.Acr.hyac.1.20150118.T	0	0	0	0	0
E3.6.Acr.hyac.1.20150120.M	0	0	0	0	0
E3.6.Acr.hyac.1.20150120.S	0.501850138760407	0.498149861239593	0.333024976873265	0	0.165124884366327
E3.6.Acr.hyac.1.20150121.M	0	0	0	0	0
E3.6.Acr.hyac.1.20150121.S	0	0	0	0	0
E3.6.Acr.hyac.1.20150121.T	0	0.321172435297786	0.321172435297786	0	0
E3.6.Acr.hyac.1.20150123.M	0	0	0	0	0
E3.6.Acr.hyac.1.20150123.S	0	1	1	0	0
E3.6.Acr.hyac.1.20150123.T	0.60702875399361	0	0	0	0
E3.6.Acr.hyac.2.20150105.M	0	0	0	0	0
E3.6.Acr.hyac.2.20150105.S	0.578947368421053	0	0	0	0
E3.6.Acr.hyac.2.20150105.T	0	0	0	0	0
E3.6.Acr.hyac.2.20150106.M	0	0	0	0	0
E3.6.Acr.hyac.2.20150106.S	0.318407960199005	0	0	0	0
E3.6.Acr.hyac.2.20150106.T	0.806916426512968	0	0	0	0
E3.6.Acr.hyac.2.20150120.M	0	0	0	0	0
E3.6.Acr.hyac.2.20150120.S	0	0	0	0	0
E3.6.Acr.hyac.2.20150121.M	0	0	0	0	0
E3.6.Acr.hyac.2.20150121.T	0	0	0	0	0
E3.6.Acr.hyac.2.20150123.M	0	0	0	0	0
E3.6.Acr.hyac.2.20150123.T	0	0	0	0	0
E3.6.Acr.hyac.3.20150105.M	0.237948084054388	0	0	0	0
E3.6.Acr.hyac.3.20150105.S	0.244490912015442	0	0.133504905903169	0	0
E3.6.Acr.hyac.3.20150105.T	0	0	0	0	0
E3.6.Acr.hyac.3.20150106.T	0.481675392670157	0	0.162303664921466	0	0
E3.6.Acr.hyac.3.20150120.M	0	0.099236641221374	0	0	0.099236641221374
E3.6.Acr.hyac.3.20150120.S	1	0	0	0	0
E3.6.Acr.hyac.3.20150120.T	0	0	0	0	0
E3.6.Acr.hyac.3.20150121.M	0.317948717948718	0	0	0	0
E3.6.Acr.hyac.3.20150121.S	0	1	0	0	0
E3.6.Acr.hyac.3.20150123.M	0	0	0	0	0
E3.6.Acr.hyac.3.20150123.S	0	0	0	0	0
E3.6.Acr.hyac.3.20150123.T	0	0	0.335413416536661	0	0
E3.6.Acr.hyac.4.20150105.M	0	0	0	0	0
E3.6.Acr.hyac.4.20150105.S	1	0	0	0	0
E3.6.Acr.hyac.4.20150105.T	1	0	0	0	0
E3.6.Acr.hyac.4.20150106.M	0	0	0	0	0
E3.6.Acr.hyac.4.20150106.S	0.383586083853702	0	0	0	0
E3.6.Acr.hyac.4.20150106.T	1	0	0	0	0
E3.7.Pav.vari.1.20150124.M	0.176744186046512	0	0	0	0
E3.7.Pav.vari.1.20150124.S	0	0.263473053892216	0	0	0
E3.7.Pav.vari.1.20150124.T	0	1	0	0	0
E3.7.Pav.vari.1.20150127.M	0	0.153826723920182	0.103561505430664	0.0265218489517555	0.153826723920182
E3.7.Pav.vari.1.20150127.S	0	0	0	0	0
E3.7.Pav.vari.1.20150127.T	0	0	0	0	0
E3.7.Pav.vari.2.20150124.M	0	0	0	0	0
E3.Out.Mil.sp.1.20150125.M	1	0	0	0	0
E3.Out.Pal.caes.1.20150125.M	0	0	0	0	0
E3.Out.Pal.caes.1.20150125.S	0	0.337016574585635	0	0	0
E3.Out.Pal.caes.1.20150125.T	0	0	0	0	0
E3.Out.Pal.caes.2.20150125.M	0	0	0	0	0
E3.Out.Pal.caes.2.20150125.T	0	0	0	0	0
E7.10.Poc.dami.1.20150621.M	0	0	0.0736434108527132	0	0
E7.10.Poc.dami.1.20150621.S	0	0	0	0	0
E7.10.Poc.dami.1.20150621.T	0	0	0	0	0
E7.10.Poc.dami.2.20150621.M	0	0	0	0	0
E7.10.Poc.dami.2.20150621.S	0	0	0	0	0
E7.10.Poc.dami.3.20150621.M	0	0	0	1	0
E7.10.Poc.dami.3.20150621.T	0	0	0	0	0
E7.10.Ser.cali.1.20150622.M	0	0	0	0.261189454322502	0
E7.10.Ser.cali.1.20150622.S	0	0.493827160493827	0	0	0
E7.10.Ser.cali.2.20150622.M	0.0849323686693929	0.0547341931424976	0	0	0.0547341931424976
E7.10.Ser.cali.2.20150622.S	0.293040293040293	0.512820512820513	0	0	0
E7.10.Ser.cali.3.20150622.M	0	0.0391459074733096	0	0	0.0391459074733096
E7.17.Cyp.micr.1.20150621.M	0	0	0	0	0
E7.17.Cyp.micr.1.20150621.S	0.711711711711712	0	0	0	0
E7.17.Cyp.micr.1.20150621.T	0	0	0	0.433333333333333	0
E7.17.Cyp.micr.2.20150621.M	0.297734627831715	0	0	0	0
E7.17.Cyp.micr.2.20150621.S	0	0	0	0	0
E7.17.Cyp.micr.3.20150621.M	0	0	0	0.12280701754386	0
E7.17.Ech.lame.1.20150620.M	0.13716814159292	0	0	0	0
E7.17.Ech.lame.1.20150620.T	0.41566265060241	0	0	0.0487951807228916	0
E7.17.Ech.lame.2.20150620.M	0	0	0	0.193899782135076	0
E7.17.Ech.lame.2.20150620.T	0	0	0	0	0
E7.17.Ech.lame.3.20150620.M	0	0.0334378265412748	0	0	0.0334378265412748
E7.17.Ech.lame.3.20150620.T	0	0	0	0	0
E7.17.Fav.abdi.1.20150623.M	0	0	0	0	0
E7.17.Fav.abdi.1.20150623.S	0	0	0	0	0
E7.17.Fav.abdi.1.20150623.T	0	0	0	0	0
E7.17.Fav.abdi.2.20150623.M	1	0	0	0	0
E7.17.Fav.abdi.2.20150623.S	0	0	0	0	0
E7.17.Fav.spA.1.20150623.M	0.415284062342886	0.081447963800905	0.271493212669683	0	0
E7.17.Fav.spA.1.20150623.S	0	0.138528138528139	0	0	0
E7.17.Fav.spA.1.20150623.T	0	0	0	0	0
E7.17.Fav.spA.2.20150623.M	1	0	0	0	0
E7.17.Fav.spA.2.20150623.T	0	0	0	0	0
E7.17.Fav.spB.1.20150623.M	0	0	0	0	0
E7.17.Fav.spB.1.20150623.S	0	0	0	0	0
E7.17.Fav.spC.1.20150623.S	0	0	0	0	0
E7.17.Fav.spC.1.20150623.T	0.484848484848485	0	0	0	0
E7.17.Gon.edwa.1.20150623.M	1	0	0	0	0
E7.17.Gon.edwa.1.20150623.S	0	0	0	0	0
E7.17.Gon.edwa.1.20150623.T	0	1	0	0	0
E7.17.Gon.edwa.2.20150623.M	0.714093959731544	0	0	0	0
E7.17.Hyd.exce.1.20150620.M	0.261293179805137	0.110274579273694	0	0	0.110274579273694
E7.17.Hyd.exce.1.20150620.S	0	1	0	0	0
E7.17.Hyd.exes.1.20150622.M	0	0.160427807486631	0	0	0.160427807486631
E7.17.Hyd.exes.2.20150622.M	0	0.811363636363636	0	0	0.811363636363636
E7.17.Mer.ampl.1.20150621.M	0	0	0	0	0
E7.17.Mer.ampl.1.20150621.S	0	0	0	0	0
E7.17.Mer.ampl.1.20150621.T	0	0	0	0	0
E7.17.Mer.ampl.3.20150621.M	0	0.214780600461894	0	0.219399538106236	0.214780600461894
E7.17.Mer.ampl.3.20150621.T	0	0	1	0	0
E7.17.Myc.elep.1.20150622.M	0	0	0	0	0
E7.17.Myc.elep.1.20150622.T	0	0.44015444015444	0.347490347490348	0	0.44015444015444
E7.17.Pla.sine.1.20150622.S	0	0	0	0	0
E7.17.Pla.sine.2.20150622.M	0	0	0	0	0
E7.17.Pla.sine.2.20150622.S	0	0	0	0	0
E7.17.Pla.sine.2.20150622.T	0	0	0	0	0
E7.17.Pla.sine.3.20150622.M	0	0.0635641316685585	0	0	0.0635641316685585
E7.17.Pla.sine.3.20150622.S	0	0	0	0	0
E7.17.Pla.sine.3.20150622.T	0	0	0	0	0
E7.19.Lob.hemp.1.20150619.M	0	0	0	0	0
E7.19.Lob.hemp.1.20150619.S	0	0	0	0	0
E7.19.Lob.hemp.1.20150619.T	0	0	0	0	0
E7.19.Lob.hemp.1.20150621.M	0	0.0927583401139138	0.0976403580146461	0	0.0927583401139138
E7.19.Lob.hemp.1.20150621.S	0	0	0	0	0
E7.19.Lob.hemp.1.20150621.T	0	0.324723247232472	0	0	0
E7.19.Lob.hemp.2.20150619.M	0	0	0	0	0
E7.19.Lob.hemp.2.20150619.S	0	0	0	0	0
E7.3.Por.loba.1.20150619.M	0	0	0	0	0
E7.3.Por.loba.1.20150619.S	0	0.192982456140351	0	0	0.192982456140351
E7.3.Por.loba.1.20150619.T	0	0	0	0	0
E7.3.Por.loba.2.20150619.M	0	0	0	0	0
E7.3.Por.loba.2.20150619.S	0	0	0	0	0
E7.3.Por.loba.2.20150619.T	0	0	0	0	0
E7.3.Por.loba.3.20150619.M	0	0	0	0	0
E7.3.Por.loba.3.20150619.S	0	0.275510204081633	0.724489795918367	0	0.275510204081633
E7.3.Por.loba.3.20150619.T	0	0	0	0	0
E7.3.Por.loba.4.20150619.M	0	0	0	0	0
E7.3.Por.loba.4.20150619.S	0	0.517241379310345	0	0.482758620689655	0.517241379310345
E7.3.Por.loba.4.20150619.T	0	0	0	0	0
E7.5.Gal.astr.1.20150622.M	0	0	0	0.0228426395939086	0
E7.5.Gal.fasc.1.20150621.M	0	0.0481226864093072	0	0	0.0428344791115812
E7.5.Gal.fasc.1.20150621.S	0	0.461538461538462	0	0	0
E7.5.Gal.fasc.1.20150621.T	0	0.342465753424658	0	0	0
E7.5.Gal.fasc.1.20150622.M	0.617536309844002	0.122646584185046	0.122646584185046	0	0
E7.6.Acr.hyac.1.20150622.M	0.221918224654203	0.0401276789785682	0	0	0.0401276789785682
E7.6.Acr.hyac.1.20150622.S	0	0	0	0	0
E7.6.Acr.hyac.1.20150622.T	0	0	0	0	0
E7.6.Acr.hyac.2.20150622.M	0	0.114432989690722	0	0	0.114432989690722
E7.6.Acr.hyac.2.20150622.S	0.278388278388278	0	0	0	0
E7.6.Acr.hyac.2.20150622.T	0.4	0	0	0	0
E7.6.Acr.hyac.3.20150622.M	0	0.123595505617978	0	0	0.123595505617978
E7.6.Acr.hyac.3.20150622.S	0	0	0	0	0
E7.6.Acr.hyac.3.20150622.T	0	0	0	0	0
E7.6.Mon.aequ.1.20150620.M	0	0.321428571428571	0.370879120879121	0.197802197802198	0.321428571428571
E7.6.Mon.aequ.1.20150620.S	0	1	0	0	1
E7.6.Mon.aequ.1.20150620.T	0	0	0	0.0599455040871935	0
E7.6.Mon.aequ.2.20150620.M	0	0	0.122850122850123	0.0786240786240786	0
E7.6.Mon.aequ.2.20150620.S	0	0	0.439490445859873	0.0955414012738854	0
E7.6.Mon.aequ.2.20150620.T	0	0	0	0.180722891566265	0
E7.6.Mon.aequ.3.20150620.M	0	0.0985221674876847	0.197044334975369	0.0394088669950739	0
E7.6.Mon.aequ.3.20150620.S	0	0.144088669950739	0	0.665024630541872	0.144088669950739
E7.6.Mon.aequ.3.20150620.T	0	0.305243445692884	0	0.235955056179775	0.117977528089888
E7.6.Mon.aequ.4.20150620.M	0	0	0.556547619047619	0	0
E7.6.Mon.aequ.4.20150620.S	0.265374894692502	0.307497893850042	0	0	0
E7.6.Mon.aequ.4.20150620.T	0	1	0	0	0
E7.7.Pav.vari.1.20150622.M	0.149588631264024	0	0	0	0
E7.7.Pav.vari.1.20150623.M	0	0	0	0	0
E7.7.Pav.vari.1.20150623.T	0	1	0	0	0
E7.7.Pav.vari.2.20150622.M	0	0.0955631399317406	0	0	0.0955631399317406
E7.7.Pav.vari.2.20150622.S	0	0	0	0	0
E7.Sed.1.20150620	0	0	0	0	0
Negative.Control.1	0.676384839650146	0	0	0	0
Negative.Control.2	0	0	0	1	0
Negative.Control.3	1	0	0	0	0
Negative.Control.4	0	0.371212121212121	0	0.628787878787879	0.371212121212121
