	Aerobic	Anaerobic	Contains_Mobile_Elements	Facultatively_Anaerobic	Forms_Biofilms	Gram_Negative	Gram_Positive	Potentially_Pathogenic	Stress_Tolerant
1256-001-Control	0	0	0	1	0	1	0	0	0
1256-004-C118-S	0	1	0	0	0	0.54840162089149	0.45159837910851	0	0
1256-007-C119-S	0	1	0	0	0	0.802631578947368	0.197368421052632	0	0
1256-010-C120-S	0	1	0	0	0	0.858536585365854	0.141463414634146	0	0
1256-011-C120-T	0	1	0	0	0	0.946889226100152	0.0531107738998483	0	0
1256-012-C121-M	0	1	0	0	0	1	0	0	0
1256-013-C121-S	0	0.97911227154047	0	0.02088772845953	0	0.930995897053338	0.0690041029466617	0	0
1256-014-C121-T	0	1	0	0	0	0	1	0	0
1256-016-C122-S	1	0	0	0	0	1	0	0	0
1256-017-BLANK	1	0	0	0	0	1	0	0	0
1256-018-C122-T	0	1	0	0	0	0.789115646258503	0.210884353741497	0	0
1256-019-C123-M	0.213793103448276	0.786206896551724	0	0	0	0.213793103448276	0.786206896551724	0	0
1256-020-C123-S	0	1	0	0	0	0.866894197952218	0.133105802047782	0	0
1256-021-C123-T	0	1	0	0	0	0.769230769230769	0.230769230769231	0	0
1256-023-C127-S	0.089585666293393	0.910414333706607	0	0	0	1	0	0	0
1256-024-C127-T	0	0.652482269503546	0	0	0	1	0	0	0
1256-030-C129-T	1	0	0	0	0	1	0	0	0
1256-032-C132-T	1	0	0	0	0	1	0	0	0
1256-034-Control	1	0	0	0	0	1	0	0	0
1256-035-C133-S	0	0	0	0	0	1	0	0	0
1256-036-C133-T	0	0	0	0	0	0.523076923076923	0.476923076923077	0	0
1256-040-C143-M	1	0	0	0	0	1	0	0	0
1256-041-C143-S	1	0	0	0	0	1	0	0	0
1256-042-C143-T	1	0	0	0	0	1	0	0	0
1256-043-C144-M	0.994956772334294	0	0	0	0	1	0	0	0
1256-044-C144-S	1	0	0	0	0	1	0	0	0
1256-045-C144-T	1	0	0	0	0	1	0	0	0
1256-046-C145-M	1	0	0	0	0	1	0	0	0
1256-047-C145-S	1	0	0	0	0	1	0	0	0
1256-048-C145-T	1	0	0	0	0	1	0	0	0
1256-049-C148-M	0.364161849710983	0	0	0	0	0.364161849710983	0.635838150289017	0	0
1256-052-C148-T	1	0	0	0	0	1	0	0	0
1256-055-C149-T	0.361858190709046	0	0	0	0	1	0	0	0
1256-056-C150-M	1	0	0	0	0	1	0	0	0
1256-059-C151-M	0	0	0	0	0	1	0	0	0
1256-060-C151-S	0.578735842162952	0	0	0.421264157837048	0	0.831932773109244	0.168067226890756	0	0
1256-061-C151-T	0	1	0	0	0	1	0	0	0
1256-062-C152-M	1	0	0	0	0	1	0	0	0
1256-066-C153-T	1	0	0	0	0	1	0	0	0
1256-067-Control	0.530386740331492	0	0	0.469613259668508	0	1	0	0	0
1256-068-C327-M	0.830257086354647	0	0	0.169742913645353	0.169742913645353	1	0	0.169742913645353	0.169742913645353
1256-069-C327-S	0.448	0.552	0	0	0	0.448	0.552	0	0
1256-070-C327-T	1	0	0	0	0	1	0	0	0
1256-071-C328-M	0.853349187475228	0	0	0	0	0.853349187475228	0.146650812524772	0	0
1256-072-C328-S	0.463414634146341	0	0	0	0	1	0	0	0
1256-073-C328-T	0.867522079653391	0	0	0	0	1	0	0	0
1256-074-C369-T	0.827383287563751	0	0	0.17261671243625	0	0.827383287563751	0.17261671243625	0	0
1256-075-C370-T	1	0	0	0	0	1	0	0	0
1256-076-C371-T	0.862164024810475	0.00344589937973811	0	0.134390075809786	0	0.996554100620262	0.00344589937973811	0	0
1256-077-C372-T	1	0	0	0	0	1	0	0	0
1256-078-C373-T	1	0	0	0	0	0.763580073177596	0.236419926822404	0	0
1256-079-C386-T	0.977859000492022	0.0221409995079778	0	0	0	0.977859000492022	0.0221409995079778	0	0
1256-080-C435-T	1	0	0	0	0	0.895193732796951	0.104806267203049	0	0
1256-081-C436-T	0.53109644812579	0	0	0.46890355187421	0.400112312227994	0.931208760353784	0.0687912396462165	0.400112312227994	0.400112312227994
1256-082-C437-T	1	0	0	0	0	1	0	0	0
1256-083-C115-H	0	0	0	0	0	1	0	0	0
1256-084-Control	0.5	0	0	0.5	0	1	0	0	0
1256-085-C410-H	1	0	0	0	0	1	0	0	0
1256-088-C419-H	1	0	0	0	0	1	0	0	0
1256-095-SING11-T	1	0	0	0	0	1	0	0	0
1256-096-SING12-T	1	0	0	0	0	1	0	0	0
1256-097-SING13-T	0.768060836501901	0	0	0.231939163498099	0	1	0	0	0
1256-098-SING09-T	1	0	0	0	0	1	0	0	0
1256-099-SING14-T	0.560524286815729	0	0	0	0	1	0	0	0
1256-100-BLANK	1	0	0	0	0	1	0	0	0
1256-101-PW164-M	0.882025233491725	0.117974766508275	0	0	0	0.882025233491725	0.117974766508275	0	0
1256-102-PW164-S	0	1	0	0	0	0	1	0	0
1256-103-PW164-T	0.383744170552965	0.616255829447035	0	0	0	0.383744170552965	0.616255829447035	0	0
1256-104-PW165-M	1	0	0	0	0	1	0	0	0
1256-105-PW165-S	0.519827998088868	0.480172001911132	0	0	0	0.519827998088868	0.480172001911132	0	0
1256-106-PW165-T	0.885826771653543	0.114173228346457	0	0	0	0.15748031496063	0.84251968503937	0	0
1256-107-PW166-M	1	0	0	0	0	1	0	0	0
1256-109-PW166-T	1	0	0	0	0	1	0	0	0
1256-110-PW167-M	1	0	0	0	0	1	0	0	0
1256-113-PW168-M	1	0	0	0	0	1	0	0	0
1256-114-PW168-S	0	1	0	0	0	0.632081614933796	0.367918385066204	0	0
1256-115-PW168-T	0	0	0	0	0	1	0	0	0
1256-116-PW169-M	1	0	0	0	0	1	0	0	0
1256-117-Control	1	0	0	0	0	1	0	0	0
1256-120-PW170-M	0.880805226911531	0	0	0.119194773088469	0	1	0	0	0
1256-121-PW170-S	0	1	0	0	0	0	1	0	0
1256-122-PW170-T	0.0310421286031042	0.968957871396896	0	0	0	0.682926829268293	0.317073170731707	0	0
1256-123-PW171-M	1	0	0	0	0	1	0	0	0
1256-125-PW171-T	0	1	0	0	0	0	1	0	0
1256-126-PW172-M	1	0	0	0	0	1	0	0	0
1256-129-PW174-M	1	0	0	0	0	1	0	0	0
1256-130-PW174-S	0.221374045801527	0.778625954198473	0	0	0	0.221374045801527	0.778625954198473	0	0
1256-131-PW174-T	1	0	0	0	0	1	0	0	0
1256-132-PW175-M	1	0	0	0	0	1	0	0	0
1256-133-Control	1	0	0	0	0	1	0	0	0
1256-134-PW176-M	1	0	0	0	0	1	0	0	0
1256-135-PW176-S	1	0	0	0	0	1	0	0	0
1256-137-PW177-M	1	0	0	0	0	1	0	0	0
1256-138-PW177-S	0	1	0	0	0	0	1	0	0
1256-140-PW178-M	1	0	0	0	0	1	0	0	0
1256-142-PW178-T	1	0	0	0	0	1	0	0	0
1256-143-PW181-M	1	0	0	0	0	1	0	0	0
1256-145-PW182-M	1	0	0	0	0	1	0	0	0
1256-147-PW182-T	0.624457935819601	0.267129228100607	0	0.108412836079792	0	1	0	0	0
1256-148-PW183-M	1	0	0	0	0	1	0	0	0
1256-149-PW183-S	0.191522762951334	0	0	0	0	1	0	0	0
1256-150-Control	1	0	0	0	0	1	0	0	0
1256-152-PW185-M	1	0	0	0	0	1	0	0	0
1256-153-PW185-S	0	0	0	0	0	1	0	0	0
1256-155-PW186-M	0.89507494646681	0	0	0.104925053533191	0	0.802997858672377	0.197002141327623	0	0
1256-156-PW186-S	0.229281316406037	0.770718683593963	0	0	0	0.807933307906064	0.192066692093936	0	0
1256-157-PW186-T	0	1	0	0	0	0	1	0	0
1256-158-PW187-M	1	0	0	0	0	1	0	0	0
1256-161-PW190-M	1	0	0	0	0	1	0	0	0
1256-162-PW190-S	1	0	0	0	0	1	0	0	0
1256-163-PW191-M	1	0	0	0	0	1	0	0	0
1256-165-PW192-M	1	0	0	0	0	1	0	0	0
1256-166-BLANK	0.940194567008665	0	0	0.0598054329913348	0	1	0	0	0
1256-167-PW192-S	0	0	0	0	0	1	0	0	0
1256-168-PW192-T	0.488802336903603	0	0	0.511197663096397	0	1	0	0	0
1256-169-PW193-M	1	0	0	0	0	1	0	0	0
1256-171-PW193-T	1	0	0	0	0	1	0	0	0
1256-172-PW194-M	1	0	0	0	0	1	0	0	0
1256-175-PW195-M	0.885213527524068	0	0	0.114786472475932	0	1	0	0	0
1256-176-PW195-S	0.143426294820717	0	0	0	0	1	0	0	0
1256-178-PW197-M	1	0	0	0	0	1	0	0	0
1256-180-PW197-T	0	1	0	0	0	1	0	0	0
1256-186-PW199-S	0.559440559440559	0	0	0	0	1	0	0	0
1256-189-PW201-T	1	0	0	0	0	0	1	0	0
1256-190-PW202-M	1	0	0	0	0	1	0	0	0
1256-191-PW202-S	1	0	0	0	0	1	0	0	0
1256-193-PW203-M	1	0	0	0	0	1	0	0	0
1256-194-PW203-S	0	1	0	0	0	0	1	0	0
1256-196-PW204-M	1	0	0	0	0	1	0	0	0
1256-197-PW204-S	0	1	0	0	0	1	0	0	0
1256-198-control	1	0	0	0	0	1	0	0	0
1256-199-HI4-T	1	0	0	0	0	1	0	0	0
1256-200-HI6-M	1	0	0	0	0	1	0	0	0
1256-201-HI6-S	1	0	0	0	0	1	0	0	0
1256-203-HI7-M	1	0	0	0	0	1	0	0	0
1256-204-HI7-S	1	0	0	0	0	1	0	0	0
1256-205-HI7-T	1	0	0	0	0	1	0	0	0
1256-206-HI8-M	0.96588001137333	0	0	0.0341199886266705	0	1	0	0	0
1256-207-HI8-S	1	0	0	0	0	1	0	0	0
1256-208-HI8-T	1	0	0	0	0	1	0	0	0
1256-209-HI10-M	0.89942456842632	0.10057543157368	0	0	0	1	0	0	0
1256-210-HI10-S	1	0	0	0	0	1	0	0	0
1256-211-HI10-T	1	0	0	0	0	1	0	0	0
1256-212-HI57-M	1	0	0	0	0	1	0	0	0
1256-213-HI57-S	0	0.54140127388535	0	0	0	1	0	0	0
1256-214-HI57-T	0	0	0	0	0	1	0	0	0
1256-215-Control	1	0	0	0	0	1	0	0	0
1256-216-HI58-M	1	0	0	0	0	1	0	0	0
1256-217-HI58-S	0.768211920529801	0	0	0	0	0.43046357615894	0.56953642384106	0	0
1256-218-HI58-T	1	0	0	0	0	1	0	0	0
1256-219-HI59-M	1	0	0	0	0	1	0	0	0
1256-221-HI59-T	1	0	0	0	0	1	0	0	0
1256-222-HI60-M	0.206611570247934	0	0	0.793388429752066	0	1	0	0	0
1256-223-HI60-S	0.603945371775417	0.396054628224583	0	0	0	1	0	0	0
1256-225-HI61-M	0.842853579446246	0	0	0.157146420553754	0	1	0	0	0
1256-228-HI62-M	0.330049261083744	0	0	0.669950738916256	0	0.330049261083744	0.669950738916256	0	0
1256-229-HI62-S	0	0.593617021276596	0	0	0	1	0	0	0
1256-231-Control	1	0	0	0	0	1	0	0	0
1256-235-HI64-M	1	0	0	0	0	1	0	0	0
1256-236-HI64-S	1	0	0	0	0	1	0	0	0
1256-237-HI64-T	0	0	0	0	0	1	0	0	0
1256-238-HI65-M	0.790013374944271	0	0	0.209986625055729	0	1	0	0	0
1256-240-HI65-T	0	1	0	0	0	1	0	0	0
1256-241-HI66-M	0.748768472906404	0	0	0.251231527093596	0	1	0	0	0
1256-245-HI67-S	0	1	0	0	0	1	0	0	0
1256-246-HI67-T	0	1	0	0	0	1	0	0	0
1256-247-HI68-M	0.880447158679226	0	0	0.119552841320774	0	1	0	0	0
1256-248-Control	1	0	0	0	0	1	0	0	0
1256-249-HI68-S	0.718535469107552	0	0	0.281464530892448	0	1	0	0	0
1256-251-HI69-M	0.856926570779712	0	0	0.143073429220288	0	1	0	0	0
1256-252-HI69-S	0	1	0	0	0	0	1	0	0
1256-253-HI69-T	1	0	0	0	0	1	0	0	0
1256-254-HI70-M	0.506493506493506	0	0	0	0	1	0	0	0
1256-259-HIB-M	1	0	0	0	0	1	0	0	0
1256-262-HICM	0.886668748048704	0	0	0.113331251951296	0	1	0	0	0
1256-263-HICS	0	0	0	0	0	1	0	0	0
1256-264-Control	1	0	0	0	0	1	0	0	0
1256-267-HID-T	0.633785450061652	0	0	0	0	0.718865598027127	0.281134401972873	0	0
1256-269-HIE-M	0.602941176470588	0	0	0.397058823529412	0	1	0	0	0
1256-273-P2-T	0.830388692579505	0.169611307420495	0	0	0	1	0	0	0
1256-274-P5-M	0.111111111111111	0.888888888888889	0	0	0	0	1	0	0
1256-276-P5-T	0.739336492890995	0	0	0	0	1	0	0	0
1256-278-HIPAL-S	1	0	0	0	0	1	0	0	0
1256-279-HISED-1	1	0	0	0	0	1	0	0	0
1256-282-P1-S	1	0	0	0	0	1	0	0	0
1256-286-P6-S	0.785407725321888	0	0	0	0	1	0	0	0
1256-289-P7-S	0	0.568296795952782	0	0	0	1	0	0	0
1256-290-P7-T	1	0	0	0	0	1	0	0	0
1256-291-P8-M	1	0	0	0	0	1	0	0	0
1256-295-Control	1	0	0	0	0	1	0	0	0
1256-302-P15-M	1	0	0	0	0	1	0	0	0
1256-307-P481-M	1	0	0	0	0	1	0	0	0
1256-313-P484-M	0	1	0	0	0	1	0	0	0
1256-316-P485-T	1	0	0	0	0	1	0	0	0
1256-318-P489-M	1	0	0	0	0	1	0	0	0
1256-319-P486-M	1	0	0	0	0	1	0	0	0
1256-322-P489-T	1	0	0	0	0	1	0	0	0
1256-326-P494-M	0.631578947368421	0.368421052631579	0	0	0	1	0	0	0
1256-329-P496-T	1	0	0	0	0	1	0	0	0
1256-331-P497-T	1	0	0	0	0	1	0	0	0
1256-333-P499-M	0	0	0	1	0	0	1	0	0
1256-334-P499-T	0.655172413793103	0.344827586206897	0	0	0	0.511494252873563	0.488505747126437	0	0
1256-337-P502-M	0	1	0	0	0	1	0	0	0
1256-338-P503-M	1	0	0	0	0	1	0	0	0
1256-339-P503-T	0	1	0	0	0	0	1	0	0
1256-340-P504-M	1	0	0	0	0	1	0	0	0
1256-342-P507-M	0.542114188807236	0.457885811192764	0	0	0	1	0	0	0
1256-343-P507-T	0.166212534059945	0.833787465940054	0	0	0	1	0	0	0
1256-344-P508-M	0.475949367088608	0	0	0	0	1	0	0	0
1256-346-P509-M	1	0	0	0	0	1	0	0	0
1256-350-P511-M	0.513513513513513	0	0	0	0	1	0	0	0
1256-351-P511-T	0	0	0	0	0	1	0	0	0
1256-352-P512-M	1	0	0	0	0	0	1	0	0
1256-360-C411-H	0	1	0	0	0	1	0	0	0
1256-363-REU2-M	0.511434511434511	0	0	0.488565488565489	0	0.511434511434511	0.488565488565489	0	0
1256-364-REU2-S	1	0	0	0	0	1	0	0	0
1256-371-KaustZ-4-T	1	0	0	0	0	1	0	0	0
1256-372-KaustA-3-M	0.337349397590361	0	0	0.662650602409639	0	1	0	0	0
1256-374-KaustA-3-T	0.485294117647059	0.514705882352941	0	0	0	0.485294117647059	0.514705882352941	0	0
E1.10.Poc.dami.1.20140728.M	0.514301738642737	0	0.0695457094784072	0.0695457094784072	0	1	0	0.0695457094784072	0
E1.10.Poc.dami.1.20140731.M	0	0	0	0	0	1	0	0	0
E1.10.Poc.dami.1.20140731.S	0.825562260010971	0	0	0.174437739989029	0	1	0	0	0
E1.10.Poc.dami.1.20140905.S	0.876068376068376	0	0	0.123931623931624	0	1	0	0	0
E1.10.Sty.pist.1.20140807.M	0	0.0255102040816327	0	0	0	1	0	0	0
E1.10.Sty.pist.1.20140807.S	0.6575682382134	0.3424317617866	0	0	0	1	0	0	0
E1.10.Sty.pist.1.20140807.T	0	1	0	0	0	1	0	0	0
E1.10.Sty.pist.1.20140815.M	0	0	0	0.0301363310212868	0	0.979669935422148	0.0203300645778522	0	0
E1.10.Sty.pist.1.20140815.S	0.640802092414996	0.0871839581517001	0	0.272013949433304	0	0.9128160418483	0.0871839581517001	0	0
E1.10.Sty.pist.1.20140815.T	0.181013676588898	0.273531777956557	0	0.545454545454545	0	0.181013676588898	0.818986323411102	0	0
E1.11.Fun.sp.1.20140730.M	0.24	0	0	0	0	1	0	0	0
E1.11.Fun.sp.1.20140730.T	0.20774046670461	0.0922026180990324	0	0	0	1	0	0	0
E1.11.Fun.sp.1.20140811.M	0	0.386422976501306	0	0	0	1	0	0	0
E1.11.Fun.sp.1.20140811.S	0.690966719492868	0.177496038034865	0	0.131537242472266	0	1	0	0	0
E1.11.Lep.tran.1.20140731.M	0.739565943238731	0	0	0.260434056761269	0	0.165275459098497	0.834724540901502	0	0
E1.11.Lep.tran.1.20140731.S	0.53491124260355	0.30887573964497	0	0	0	1	0	0	0
E1.11.Lep.tran.1.20140731.T	1	0	0	0	0	1	0	0	0
E1.11.Psa.digi.1.20140807.M	0	0	0	0	0	1	0	0	0
E1.11.Psa.digi.1.20140807.S	0	0	0	0	0	1	0	0	0
E1.14.Phy.lich.1.20140801.M	1	0	0	0	0	1	0	0	0
E1.14.Phy.lich.1.20140801.S	0	0	0	0	0	1	0	0	0
E1.14.Phy.lich.1.20140801.T	0	0	0	1	0	0	1	0	0
E1.14.Phy.lich.1.20140811.M	0	0.262096774193548	0.0967741935483871	0.737903225806452	0	0.737903225806452	0.262096774193548	0.0967741935483871	0
E1.14.Phy.lich.1.20140811.S	0	0.573333333333333	0	0	0	1	0	0	0
E1.14.Phy.lich.1.20140811.T	0.551477170993733	0	0.17905102954342	0.448522829006267	0	0.17905102954342	0.82094897045658	0.17905102954342	0
E1.15.Dip.heli.1.20140726.M	0.347387173396675	0.0676959619952494	0	0.112826603325416	0	1	0	0	0
E1.15.Dip.heli.1.20140726.S	0	0.58408215661104	0	0.41591784338896	0	1	0	0	0
E1.15.Dip.heli.1.20140726.T	1	0	0	0	0	1	0	0	0
E1.15.Dip.heli.1.20140809.M	0	0.58984375	0	0	0	1	0	0	0
E1.15.Dip.heli.1.20140809.S	0	0	0	0	0	1	0	0	0
E1.15.Dip.heli.1.20140809.T	0.822950819672131	0	0	0.177049180327869	0	1	0	0	0
E1.15.Dip.heli.1.20140815.M	0.587268993839836	0.0246406570841889	0	0	0	1	0	0	0
E1.15.Dip.heli.1.20140815.S	0	1	0	0	0	1	0	0	0
E1.15.Dip.heli.1.20140905.M	0.673162765378334	0.191616766467066	0	0.1352204681546	0	1	0	0	0
E1.15.Dip.heli.1.20140905.S	0	0	0	1	0	1	0	0	0
E1.15.Dip.heli.1.20140905.T	0.347826086956522	0	0	0.652173913043478	0	1	0	0	0
E1.17.Cau.furc.1.20140801.DS	1	0	0	0	0	1	0	0	0
E1.17.Cau.furc.1.20140801.T	0.123529411764706	0	0	0	0	1	0	0	0
E1.17.Ech.lame.1.20140905.M	0.599630996309963	0	0	0.022140221402214	0	0.400369003690037	0.599630996309963	0	0
E1.17.Ech.lame.1.20140905.S	0.539152759948652	0.0539152759948652	0	0.406931964056483	0	0.890629011553274	0.109370988446727	0	0
E1.17.Ech.lame.1.20140905.T	0.522332174378176	0.170526878844611	0	0.307140946777213	0	0.754479807435143	0.245520192564857	0	0
E1.17.Ech.mamm.1.20140728.M	0	0.158793303497431	0	0.219625393668158	0	1	0	0	0
E1.17.Ech.mamm.1.20140728.S	0.262773722627737	0.737226277372263	0	0	0	1	0	0	0
E1.17.Ech.mamm.1.20140728.T	0	1	0	0	0	1	0	0	0
E1.17.Ech.mamm.1.20140815.M	0	0.352941176470588	0	0.105882352941176	0	1	0	0	0
E1.17.Ech.mamm.1.20140815.S	0.766381766381766	0	0	0.233618233618234	0	1	0	0	0
E1.17.Ech.mamm.1.20140815.T	0.812917594654789	0.146993318485523	0	0.0400890868596882	0	0.959910913140312	0.0400890868596882	0	0
E1.17.Fav.sp.1.20140805.S	0	0	0	1	0	1	0	0	0
E1.17.Fav.sp.1.20140805.T	0.952380952380952	0.0476190476190476	0	0	0	1	0	0	0
E1.17.Fav.sp.1.20140811.M	0	0	0	0	0	1	0	0	0
E1.17.Fav.sp.1.20140811.T	0.111498257839721	0	0	0	0	1	0	0	0
E1.17.Fav.sp.2.20140805.M	0	0	0	0.322033898305085	0	1	0	0	0
E1.17.Fav.sp.2.20140805.S	0	0	0	0	0	1	0	0	0
E1.17.Fav.sp.2.20140805.T	0	0	0	0	0	1	0	0	0
E1.17.Hyd.exes.1.20140803.M	0.0714285714285714	0	0	0	0	0.928571428571429	0.0714285714285714	0	0
E1.17.Hyd.exes.1.20140803.S	0.523858921161826	0.368257261410788	0	0.107883817427386	0	1	0	0	0
E1.19.Lob.sp.1.20140730.M	0	0.13126709206928	0	0.0300820419325433	0	1	0	0	0
E1.19.Lob.sp.1.20140730.S	0.416107382550336	0.583892617449664	0	0	0	1	0	0	0
E1.19.Lob.sp.1.20140730.T	0.659488559892328	0	0	0.199192462987887	0	0.141318977119785	0.858681022880215	0	0
E1.19.Lob.sp.1.20140809.M	0.140815903913854	0.0534272106026092	0	0.0323048250155312	0	1	0	0	0
E1.19.Lob.sp.1.20140809.S	0	0	0	0	0	1	0	0	0
E1.19.Lob.sp.1.20140809.T	0	0	0	0	0	1	0	0	0
E1.19.Sym.sp.1.20140724.M	0.207357859531773	0	0	0	0	1	0	0	0
E1.19.Sym.sp.1.20140724.S	0.480953958264326	0.12421331566744	0	0	0	0.927459423650215	0.0725405763497847	0	0
E1.19.Sym.sp.1.20140814.M	0	0.500574052812859	0	0	0	0.712973593570608	0.287026406429392	0	0
E1.19.Sym.sp.1.20140814.S	0.520110192837466	0.206611570247934	0	0	0	0.520110192837466	0.479889807162534	0	0
E1.19.Sym.sp.1.20140814.T	0.491754122938531	0.508245877061469	0	0	0	0.491754122938531	0.508245877061469	0	0
E1.19.Sym.sp.1.20140815.M	0.386836027713626	0.058891454965358	0	0	0	1	0	0	0
E1.19.Sym.sp.1.20140815.S	0.295890410958904	0.441095890410959	0	0	0	0.624657534246575	0.375342465753425	0	0
E1.19.Sym.sp.1.20140815.T	0.0173190162798753	0.193972982334603	0	0.128853481122272	0	0.677173536543124	0.322826463456876	0	0
E1.19.Sym.sp.1.20140905.M	0.283050657081882	0.0325732899022801	0	0.037403122542963	0	1	0	0	0
E1.19.Sym.sp.1.20140905.S	0.945512820512821	0	0	0.0544871794871795	0	1	0	0	0
E1.19.Sym.sp.1.20140905.T	0.177777777777778	0	0	0	0	1	0	0	0
E1.2.Tur.pelt.1.20140814.M	0	0.696629213483146	0	0	0	0.303370786516854	0.696629213483146	0	0
E1.2.Tur.pelt.1.20140814.S	0.951346091469348	0.048653908530652	0	0	0	1	0	0	0
E1.2.Tur.reni.1.20140730.M	0	0	0	0.519607843137255	0	1	0	0	0
E1.2.Tur.reni.1.20140730.S	0	0	0	0	0	1	0	0	0
E1.2.Tur.reni.1.20140730.T	1	0	0	0	0	1	0	0	0
E1.2.Tur.reni.1.20140814.M	0.375549340791051	0.115061925689173	0	0	0	0.624450659208949	0.375549340791051	0	0
E1.2.Tur.reni.1.20140814.T	0.603343465045593	0	0	0	0	1	0	0	0
E1.2.Tur.stel.1.20140805.M	1	0	0	0	0	1	0	0	0
E1.2.Tur.stel.1.20140805.S	0.240208877284595	0.446475195822454	0	0	0	1	0	0	0
E1.2.Tur.stel.1.20140805.T	0	0.499499499499499	0	0	0	1	0	0	0
E1.3.Por.cyli.1.20140801.M	0	1	0	0	0	1	0	0	0
E1.3.Por.cyli.1.20140801.S	0.902777777777778	0.0972222222222222	0	0	0	1	0	0	0
E1.3.Por.cyli.1.20140801.T	0	1	0	0	0	1	0	0	0
E1.3.Por.cyli.1.20140815.M	0	1	0	0	0	1	0	0	0
E1.3.Por.cyli.1.20140815.S	0.0603674540682415	0	0	0	0	1	0	0	0
E1.3.Por.cyli.1.20140815.T	0	0.943327239488117	0	0.056672760511883	0	1	0	0	0
E1.3.Por.loba.1.20140724.M	0	0.43859649122807	0	0.56140350877193	0	1	0	0	0
E1.3.Por.loba.1.20140724.S	0	1	0	0	0	1	0	0	0
E1.3.Por.loba.1.20140724.T	0	1	0	0	0	1	0	0	0
E1.3.Por.loba.1.20140726.M	0	1	0	0	0	1	0	0	0
E1.3.Por.loba.1.20140726.S	1	0	0	0	0	1	0	0	0
E1.3.Por.loba.1.20140726.T	0	0.950323974082073	0	0.0496760259179266	0	1	0	0	0
E1.3.Por.loba.1.20140905.M	0	0.370090634441088	0	0.11631419939577	0	1	0	0	0
E1.3.Por.loba.1.20140905.S	0	1	0	0	0	1	0	0	0
E1.3.Por.loba.1.20140905.T	0	0.310474755086662	0	0.343632253202713	0	1	0	0	0
E1.4.Pac.rugo.1.20140728.M	0	0.617940199335548	0	0.382059800664452	0	1	0	0	0
E1.4.Pac.rugo.1.20140728.S	0.131631431990427	0.287195851615477	0	0.186278420422816	0	0.712804148384523	0.287195851615477	0	0
E1.4.Pac.rugo.1.20140728.T	0.334817453250223	0.14959928762244	0	0.515583259127337	0	0.665182546749777	0.334817453250223	0	0
E1.4.Pac.rugo.1.20140814.M	0	0.0510697032436163	0	0	0	1	0	0	0
E1.4.Pac.rugo.1.20140814.S	1	0	0	0	0	1	0	0	0
E1.4.Pac.rugo.1.20140814.T	0.498721227621483	0.501278772378517	0	0	0	0.267263427109974	0.732736572890026	0	0
E1.4.Pac.spec.1.20140801.M	0.664804469273743	0	0	0	0	0.335195530726257	0.664804469273743	0	0
E1.4.Pac.spec.1.20140801.S	0.507763323541754	0.492236676458246	0	0	0	0.360050356693244	0.639949643306756	0	0
E1.4.Pac.spec.1.20140801.T	0.58794645164625	0	0.113195844316948	0.41205354835375	0	0.740941748074637	0.259058251925363	0.113195844316948	0
E1.4.Pac.spec.1.20140811.M	0	0.636909871244635	0	0.0583690987124464	0	0.941630901287554	0.0583690987124464	0	0
E1.4.Pac.spec.1.20140811.S	0.310469314079422	0	0	0	0	0.689530685920578	0.310469314079422	0	0
E1.4.Pac.spec.1.20140811.T	0.386369734370808	0	0	0.613630265629192	0	0.615776764153475	0.384223235846525	0	0
E1.5.Gal.astr.1.20140728.M	0.500658761528327	0.0711462450592885	0	0	0	1	0	0	0
E1.5.Gal.astr.1.20140728.S	0.759036144578313	0	0	0	0	1	0	0	0
E1.5.Gal.astr.1.20140728.T	0.648401826484018	0	0	0.351598173515982	0	1	0	0	0
E1.5.Gal.astr.1.20140807.M	0	0.171727748691099	0	0.0848167539267016	0	1	0	0	0
E1.5.Gal.astr.1.20140807.S	0.5155010814708	0.382119682768565	0	0.102379235760634	0	1	0	0	0
E1.5.Gal.astr.1.20140807.T	0.738007380073801	0.261992619926199	0	0	0	1	0	0	0
E1.5.Gal.astr.1.20140814.M	0	0.338888888888889	0	0	0	1	0	0	0
E1.5.Gal.astr.1.20140814.S	0.949177877428998	0	0	0.0508221225710015	0	1	0	0	0
E1.5.Gal.astr.1.20140814.T	0	0	0	0	0	1	0	0	0
E1.5.Gal.astr.1.20140905.M	0	0	0	0.796126401630989	0	1	0	0	0
E1.5.Gal.astr.1.20140905.S	0	0	0	0	0	1	0	0	0
E1.5.Gal.astr.1.20140905.T	0.109375	0	0	0	0	1	0	0	0
E1.6.Acr.humi.1.20140731.M	0.186960690316395	0	0	0	0	0.813039309683605	0.186960690316395	0	0
E1.6.Acr.humi.1.20140731.S	0	0	0	0.448584202682563	0	0.551415797317437	0.448584202682563	0	0
E1.6.Acr.humi.1.20140731.T	1	0	0	0	0	0	1	0	0
E1.6.Acr.sp.1.20140726.S	0.538461538461538	0	0	0.461538461538462	0	1	0	0	0
E1.6.Acr.sp.1.20140905.M	0.504745470232959	0.176876617773943	0	0.318377911993097	0	1	0	0	0
E1.6.Acr.sp.1.20140905.S	0.78694942903752	0.0848287112561175	0	0.128221859706362	0	1	0	0	0
E1.6.Acr.sp.1.20140905.T	0	0.491166077738516	0	0.508833922261484	0	1	0	0	0
E1.6.Iso.pali.1.20140803.M.2	0.401709401709402	0	0	0.0598290598290598	0	1	0	0	0
E1.6.Iso.pali.1.20140803.M	0.258899676375405	0	0	0.12621359223301	0	1	0	0	0
E1.6.Iso.pali.1.20140803.S.2	1	0	0	0	0	1	0	0	0
E1.6.Iso.pali.1.20140803.S	0	1	0	0	0	1	0	0	0
E1.6.Iso.pali.1.20140803.T.2	0	1	0	0	0	1	0	0	0
E1.6.Iso.pali.1.20140803.T	1	0	0	0	0	1	0	0	0
E1.6.Iso.pali.1.20140815.M	0	0	0	0.0756302521008403	0	1	0	0	0
E1.6.Iso.pali.1.20140815.S	0.780998389694042	0	0	0.219001610305958	0	1	0	0	0
E1.6.Iso.pali.1.20140815.T	0.511182108626198	0	0	0.488817891373802	0	0.511182108626198	0.488817891373802	0	0
E1.6.Mon.hisp.1.20140807.M	0.245773732119636	0	0	0.754226267880364	0	1	0	0	0
E1.6.Mon.hisp.1.20140807.S	0	0.17948717948718	0	0	0	1	0	0	0
E1.6.Mon.hisp.1.20140807.T	1	0	0	0	0	1	0	0	0
E1.7.Pav.sp.1.20140905.M	0.779244563143838	0.0511255246089279	0	0.169629912247234	0	0.722548645555132	0.277451354444868	0	0
E1.7.Pav.sp.1.20140905.S	0	0.143540669856459	0	0.246411483253589	0	1	0	0	0
E1.7.Pav.sp.1.20140905.T	0	0.374407582938389	0	0	0	0.625592417061611	0.374407582938389	0	0
E1.7.Pav.vari.1.20140805.M	0.228571428571429	0	0	0	0	1	0	0	0
E1.7.Pav.vari.1.20140805.S	0.250814332247557	0.263843648208469	0	0	0	1	0	0	0
E1.7.Pav.vari.1.20140805.T	0	0	0	1	0	1	0	0	0
E1.7.Pav.vari.1.20140815.M	0	0	0	0	0	1	0	0	0
E1.7.Pav.vari.1.20140815.S	0.322997416020672	0.478036175710594	0	0.198966408268734	0	1	0	0	0
E1.7.Pav.vari.1.20140815.T	1	0	0	0	0	1	0	0	0
E1.7.Pav.veno.1.20140809.M	0.710526315789474	0	0	0	0	0.657894736842105	0.342105263157895	0	0
E1.7.Pav.veno.1.20140809.S	0.636363636363636	0	0	0	0	1	0	0	0
E1.7.Pav.veno.1.20140809.T	0	0.676923076923077	0	0.323076923076923	0	1	0	0	0
E1.7.Pav.veno.1.20140811.M	0	0.318181818181818	0	0	0	1	0	0	0
E1.7.Pav.veno.1.20140811.S	0.600484261501211	0	0	0	0	1	0	0	0
E1.Out.Hel.coer.1.20140811.M	0.0721649484536082	0	0	0	0	1	0	0	0
E1.Out.Hel.coer.1.20140811.S	0	0	0	0	0	1	0	0	0
E1.Out.Hel.coer.1.20140811.T	1	0	0	0	0	1	0	0	0
E1.Out.Mil.sp.1.20140731.M	0	0	0	1	0	1	0	0	0
E1.Out.Mil.sp.1.20140814.M	0.512849162011173	0.205586592178771	0	0	0	0.794413407821229	0.205586592178771	0	0
E1.Out.Mil.sp.1.20140814.S	0.58339483394834	0.197416974169742	0	0.219188191881919	0	1	0	0	0
E1.Out.Mil.sp.1.20140814.T	1	0	0	0	0	1	0	0	0
E1.Out.Pal.caes.1.20140809.M	0	0	0	0.0076988879384089	0	1	0	0	0
E1.Out.Pal.caes.1.20140809.T	0.256637168141593	0	0	0	0	1	0	0	0
E1.Out.Pal.caes.1.20140815.S	1	0	0	0	0	1	0	0	0
E10.10.Poc.dami.1.20150630.M	0.224674022066199	0	0	0.323971915747242	0	0.627883650952858	0.372116349047141	0	0
E10.10.Sty.pist.1.20150630.M	0.100606513553135	0	0	0.899393486446866	0	1	0	0	0
E10.10.Sty.pist.1.20150630.S	0.436835891381346	0	0	0.273907910271547	0	0.726092089728453	0.273907910271547	0	0
E10.10.Sty.pist.2.20150630.M	0	0.36369540509823	0	0.63630459490177	0	0.606429615197272	0.393570384802728	0	0
E10.10.Sty.pist.3.20150630.M	0	0	0	0.642045454545455	0	0.642045454545455	0.357954545454545	0	0
E10.10.Sty.pist.3.20150630.S	1	0	0	0	0	1	0	0	0
E10.17.Fav.abdi.1.20150630.M	0.236727589208007	0	0	0.763272410791993	0	0.711053089643168	0.288946910356832	0	0
E10.17.Fav.abdi.1.20150630.S	0.736842105263158	0	0	0.263157894736842	0	1	0	0	0
E10.17.Fav.abdi.1.20150630.T	0.201812191103789	0	0	0.798187808896211	0	1	0	0	0
E10.17.Fav.abdi.2.20150630.M	0.358361774744027	0	0	0.641638225255973	0	0.641638225255973	0.358361774744027	0	0
E10.17.Fav.abdi.2.20150630.S	0	1	0	0	0	1	0	0	0
E10.17.Fav.pali.1.20150630.S	0.721721027064539	0.156141568355309	0	0.122137404580153	0	1	0	0	0
E10.17.Fav.pali.3.20150630.M	0	1	0	0	0	1	0	0	0
E10.17.Fav.pali.3.20150630.T	0	0.219269102990033	0	0.780730897009967	0	0.219269102990033	0.780730897009967	0	0
E10.17.Gon.favu.1.20150629.M	0.41722972972973	0.491554054054054	0	0	0	1	0	0	0
E10.17.Gon.favu.1.20150629.S	0.626981331454738	0.301162381120113	0	0.0718562874251497	0	1	0	0	0
E10.17.Gon.favu.1.20150629.T	0.736754966887417	0.263245033112583	0	0	0	1	0	0	0
E10.17.Gon.favu.1.20150630.M	0.378520465640255	0	0	0.621479534359745	0	0.621479534359745	0.378520465640255	0.0405557641757416	0.0405557641757416
E10.17.Gon.favu.1.20150630.S	0.759581881533101	0	0	0	0	1	0	0	0
E10.17.Gon.favu.1.20150630.T	0	0	0	0.13563829787234	0	1	0	0	0
E10.17.Gon.favu.2.20150630.M	0.0362537764350453	0.516616314199396	0	0.447129909365559	0	1	0	0	0
E10.17.Gon.favu.2.20150630.S	0.517857142857143	0.225	0	0	0	1	0	0	0
E10.17.Gon.favu.2.20150630.T	0.569306930693069	0	0	0	0	1	0	0	0
E10.17.Mon.curt.3.20150629.M	0.478787878787879	0.390909090909091	0	0.13030303030303	0	0.409090909090909	0.590909090909091	0	0
E10.17.Mon.curt.3.20150629.S	0.987841945288754	0	0	0.0121580547112462	0	1	0	0	0
E10.17.Mon.curt.3.20150629.T	0	0	0	1	0	1	0	0	0
E10.Aca.hill.1.20150629.M	0.0875912408759124	0.510948905109489	0	0.145985401459854	0	1	0	0	0
E10.Aca.hill.1.20150629.S	1	0	0	0	0	0.752716373173473	0.247283626826527	0	0
E10.Aca.hill.1.20150629.T	0	0	0	0.313432835820896	0	1	0	0	0
E10.Aca.hill.2.20150629.M	0.128332805214793	0	0	0.571997646100222	0	0.92666696844869	0.0733330315513105	0	0
E10.Aca.hill.2.20150629.S	0.552941176470588	0	0	0.447058823529412	0	1	0	0	0
E10.Aca.hill.2.20150629.T	0.665914221218962	0	0	0.334085778781038	0	0.665914221218962	0.334085778781038	0	0
E10.Aca.hill.3.20150629.M	0	0	0	0	0	1	0	0	0
E10.Aca.hill.3.20150629.S	0.629441624365482	0.203045685279188	0	0.16751269035533	0	1	0	0	0
E10.Aca.hill.3.20150629.T	0	0	0	0.366197183098592	0	0.633802816901408	0.366197183098592	0	0
E10.Acr.cyth.1.20150627.M	0.39567410808688	0.0386671902848684	0	0.0122345406760717	0	1	0	0	0
E10.Acr.cyth.1.20150627.S	0.441432047271463	0.312825860271116	0	0.245742092457421	0	1	0	0	0
E10.Acr.cyth.1.20150627.T	0	0	0	0	0	0	1	0	0
E10.Acr.cyth.2.20150627.M	0.114947649810648	0.0677210960124749	0	0.132991757629762	0	0.92916016930274	0.07083983069726	0	0
E10.Acr.cyth.2.20150627.S	0.0636942675159236	0	0	0.936305732484076	0	0.54140127388535	0.45859872611465	0	0
E10.Acr.cyth.2.20150627.T	0.958441558441558	0.0415584415584416	0	0	0	1	0	0	0
E10.Acr.cyth.3.20150627.M	0.491491491491492	0	0	0.0760760760760761	0	0.667667667667668	0.332332332332332	0	0
E10.Acr.cyth.3.20150627.S	0.685082872928177	0	0	0.314917127071823	0	0.734806629834254	0.265193370165746	0	0
E10.Acr.cyth.3.20150627.T	1	0	0	0	0	1	0	0	0
E10.Acr.pali.1.20150627.M	0.419496166484118	0	0	0	0	1	0	0	0
E10.Acr.pali.2.20150627.M	0.189060246310884	0	0	0.207367136358593	0	0.828580938644181	0.171419061355819	0	0
E10.Acr.pali.2.20150627.S	0.731501057082452	0	0	0.268498942917548	0	0.471458773784355	0.528541226215645	0	0
E10.Acr.pali.3.20150627.M	0	0	0	1	0	0.342657342657343	0.657342657342657	0	0
E10.Acr.pali.3.20150627.S	0.53804347826087	0	0	0.46195652173913	0	0.4375	0.5625	0	0
E10.Alv.alli.1.20150628.M	0	0.243542435424354	0	0.267527675276753	0	0.732472324723247	0.267527675276753	0	0
E10.Alv.alli.1.20150628.T	0	0.244587008821171	0	0.755412991178829	0	1	0	0	0
E10.Alv.alli.2.20150628.M	0.183206106870229	0	0	0.270229007633588	0	0.803053435114504	0.196946564885496	0	0
E10.Alv.alli.2.20150628.S	0	0.0689655172413793	0	0	0	1	0	0	0
E10.Alv.alli.2.20150628.T	0	0.201680672268908	0	0	0	1	0	0	0
E10.Alv.alli.3.20150628.M	0	0.940500615510874	0	0.059499384489126	0	0.940500615510874	0.059499384489126	0	0
E10.Alv.alli.3.20150628.S	0.152610441767068	0.72289156626506	0	0.124497991967871	0	0.27710843373494	0.72289156626506	0	0
E10.Alv.alli.3.20150628.T	0.355191256830601	0.109289617486339	0	0.262295081967213	0	1	0	0	0
E10.Cyp.micr.1.20150627.M	0.201783269821303	0.0717747604424877	0	0.0216434200303378	0	1	0	0	0
E10.Cyp.micr.1.20150627.S	1	0	0	0	0	1	0	0	0
E10.Cyp.micr.1.20150627.T	0	1	0	0	0	1	0	0	0
E10.Cyp.sera.2.20150628.M	0	0	0	0.329268292682927	0	0.670731707317073	0.329268292682927	0	0
E10.Cyp.sera.2.20150628.S	0	1	0	0	0	1	0	0	0
E10.Fav.abdi.1.20150629.M	0	0	0	1	0	1	0	0	0
E10.Fav.abdi.1.20150629.S	0.736677115987461	0	0	0.263322884012539	0	1	0	0	0
E10.Fav.abdi.1.20150629.T	0	0	0	1	0	1	0	0	0
E10.Mon.curt.1.20150629.M	0	0	0	1	0	1	0	0	0
E10.Mon.curt.1.20150629.S	0	0	0	1	0	0.670886075949367	0.329113924050633	0	0
E10.Mon.curt.1.20150629.T	0	0	0	1	0	1	0	0	0
E10.Mon.curt.2.20150629.M	0	0	0	1	0	0.47811695476278	0.52188304523722	0	0
E10.Mon.curt.2.20150629.S	0.96875	0	0	0.03125	0	1	0	0	0
E10.Mon.curt.2.20150629.T	0	0	0	1	0	1	0	0	0
E10.Poc.dami.1.20150628.M	0	0	0	0.0782312925170068	0	0.921768707482993	0.0782312925170068	0	0
E10.Poc.dami.1.20150628.S	0	0	0	1	0	0	1	0	0
E10.Poc.dami.2.20150628.M	0	0	0	1	0	1	0	0	0
E10.Poc.dami.2.20150628.S	0.662431941923775	0	0	0	0	0.548094373865699	0.451905626134301	0	0
E10.Por.hero.1.20150628.S	1	0	0	0	0	0.922246220302376	0.0777537796976242	0	0
E10.Por.hero.2.20150628.M	0	0	0	0	0	1	0	0	0
E10.Por.hero.3.20150628.M	0	0	0	0	0	1	0	0	0
E10.Por.hero.3.20150628.S	0	0.742574257425743	0	0	0	0	1	0	0
E10.Por.hero.3.20150628.T	0	1	0	0	0	0	1	0	0
E10.Sed.1.20150627	0.133333333333333	0	0	0	0	1	0	0	0
E10.Sed.1.20150628	0	0	0	0	0	1	0	0	0
E10.Ser.cali.1.20150627.M	0.558060879368658	0	0	0.441939120631342	0	1	0	0	0
E10.Ser.cali.1.20150627.S	1	0	0	0	0	1	0	0	0
E10.Ser.cali.2.20150627.M	0	0	0	0	0	1	0	0	0
E10.Ser.cali.3.20150627.M	0.282286668057584	0	0	0.0469434592113499	0	1	0	0	0
E10.Ser.cali.3.20150627.T	0	0	0	1	0	1	0	0	0
E10.Sty.pist.1.20150628.S	0.466452205882353	0	0	0.099264705882353	0	1	0	0	0
E10.Water.1.20150629	0	0	0	0	0	1	0	0	0
E3.10.Sty.pist.1.20150124.M	0	0	0	0.275700934579439	0	0.724299065420561	0.275700934579439	0	0
E3.10.Sty.pist.1.20150124.S	1	0	0	0	0	1	0	0	0
E3.10.Sty.pist.1.20150127.M	0	0.0744985673352436	0	0	0	1	0	0	0
E3.10.Sty.pist.1.20150127.S	1	0	0	0	0	1	0	0	0
E3.10.Sty.pist.2.20150124.M	0	0.315151515151515	0	0	0	1	0	0	0
E3.10.Sty.pist.2.20150124.S	1	0	0	0	0	1	0	0	0
E3.11.Fun.sp.1.20150125.M	0	0.0305139186295503	0	0.0835117773019272	0	0.916488222698073	0.0835117773019272	0	0
E3.11.Fun.sp.1.20150125.T	0	0.104046242774566	0	0	0	1	0	0	0
E3.11.Fun.sp.1.20150127.M	0	0	0	0	0	1	0	0	0
E3.11.Fun.sp.1.20150127.S	1	0	0	0	0	1	0	0	0
E3.11.Fun.sp.1.20150127.T	0.148059904697073	0.062287270251872	0	0	0	0.851940095302927	0.148059904697073	0	0
E3.11.Fun.sp.2.20150125.M	0.0810810810810811	0.446233467510063	0	0	0	0.918918918918919	0.0810810810810811	0	0
E3.11.Fun.sp.2.20150125.T	0.144858325374085	0.396688952562878	0	0.101878382680675	0	0.855141674625915	0.144858325374085	0.101878382680675	0.101878382680675
E3.14.Phy.lich.1.20150125.M	0.139225181598063	0.116222760290557	0	0	0	1	0	0	0
E3.14.Phy.lich.1.20150125.S	0.731707317073171	0.268292682926829	0	0	0	1	0	0	0
E3.14.Phy.lich.1.20150125.T	0	0	0	1	0	1	0	0	0
E3.14.Phy.lich.1.20150129.M	0.527681660899654	0	0	0	0	0.735294117647059	0.264705882352941	0	0
E3.14.Phy.lich.1.20150129.S	1	0	0	0	0	1	0	0	0
E3.14.Phy.lich.2.20150125.M	0.258773484579936	0.193548387096774	0	0	0	1	0	0	0
E3.14.Phy.lich.2.20150125.S	1	0	0	0	0	1	0	0	0
E3.14.Phy.lich.2.20150125.T	0	0	0	1	0	1	0	0	0
E3.15.Dip.heli.1.20150105.M	0	0.613444349210236	0	0.386555650789764	0	0.386555650789764	0.613444349210236	0	0
E3.15.Dip.heli.1.20150105.S	0	0	0	0	0	1	0	0	0
E3.15.Dip.heli.1.20150105.T	1	0	0	0	0	1	0	0	0
E3.15.Dip.heli.1.20150106.M	0.388075313807531	0.125523012552301	0	0	0	1	0	0	0
E3.15.Dip.heli.1.20150106.S	0.153846153846154	0.846153846153846	0	0	0	1	0	0	0
E3.15.Dip.heli.1.20150106.T	0.377880184331797	0	0	0.214285714285714	0	0.709677419354839	0.290322580645161	0	0
E3.15.Dip.heli.1.20150118.M	0	0.341772151898734	0	0	0	1	0	0	0
E3.15.Dip.heli.1.20150118.S	0.390243902439024	0.287054409005629	0	0	0	0.390243902439024	0.609756097560976	0	0
E3.15.Dip.heli.1.20150118.T	0.124315524641113	0.230131715258251	0	0.117211780375906	0	0.706526565043658	0.293473434956342	0	0
E3.15.Dip.heli.1.20150119.M	0.0485908649173955	0	0	0	0	0.876579203109815	0.123420796890185	0	0
E3.15.Dip.heli.1.20150119.S	0.824675324675325	0.175324675324675	0	0	0	1	0	0	0
E3.15.Dip.heli.1.20150120.M	0	0.201537147736977	0	0.140905209222886	0	0.859094790777114	0.140905209222886	0	0
E3.15.Dip.heli.1.20150120.S	0	1	0	0	0	1	0	0	0
E3.15.Dip.heli.1.20150120.T	0.610859728506787	0	0	0	0	1	0	0	0
E3.15.Dip.heli.1.20150121.M	0.0885453267744202	0.238931834153197	0	0.084328882642305	0	0.91145467322558	0.0885453267744202	0	0
E3.15.Dip.heli.1.20150121.S	0.246238030095759	0.419972640218878	0	0	0	0.481532147742818	0.518467852257182	0	0
E3.15.Dip.heli.1.20150121.T	0	1	0	0	0	0	1	0	0
E3.15.Dip.heli.1.20150123.M	0.101939333664843	0	0	0.17702635504724	0	0.562406762804575	0.437593237195425	0	0
E3.15.Dip.heli.1.20150123.S	0.547058823529412	0.452941176470588	0	0	0	1	0	0	0
E3.15.Dip.heli.1.20150123.T	0.893385982230997	0.106614017769003	0	0	0	1	0	0	0
E3.15.Dip.heli.2.20150105.M	0.255583126550869	0	0	0.0893300248138958	0	1	0	0	0
E3.15.Dip.heli.2.20150105.S	0	0.204081632653061	0	0	0	1	0	0	0
E3.15.Dip.heli.2.20150105.T	1	0	0	0	0	1	0	0	0
E3.15.Dip.heli.2.20150106.M	0.108932461873638	0.0392156862745098	0	0	0	1	0	0	0
E3.15.Dip.heli.2.20150106.S	0	0	0	0	0	1	0	0	0
E3.15.Dip.heli.2.20150106.T	0.226769911504425	0.105088495575221	0	0.668141592920354	0	0.86283185840708	0.13716814159292	0	0
E3.15.Dip.heli.2.20150119.M	0.103594080338266	0	0	0.135306553911205	0	0.896405919661734	0.103594080338266	0	0
E3.15.Dip.heli.2.20150119.S	0.819672131147541	0.180327868852459	0	0	0	1	0	0	0
E3.15.Dip.heli.2.20150119.T	0.236162361623616	0	0	0	0	0.763837638376384	0.236162361623616	0	0
E3.15.Dip.heli.2.20150120.M	0.416178194607269	0	0	0.02989449003517	0	0.915005861664713	0.0849941383352872	0	0
E3.15.Dip.heli.2.20150120.S	1	0	0	0	0	0.618181818181818	0.381818181818182	0	0
E3.15.Dip.heli.2.20150121.M	0.273607748184019	0.342211460855529	0	0.100080710250202	0	0.812752219531881	0.187247780468119	0	0
E3.15.Dip.heli.2.20150121.S	0	0.289738430583501	0	0	0	1	0	0	0
E3.15.Dip.heli.2.20150121.T	0	0	0	0.055587067498582	0	0.937606352807714	0.0623936471922859	0	0
E3.15.Dip.heli.2.20150123.M	0.464601769911504	0.143921751280857	0	0.0293432696786213	0	0.821844434094085	0.178155565905915	0	0
E3.15.Dip.heli.2.20150123.S	0.556561085972851	0.443438914027149	0	0	0	1	0	0	0
E3.15.Dip.heli.2.20150123.T	0	0.159235668789809	0	0	0	1	0	0	0
E3.15.Dip.heli.3.20150105.M	0.183650135772474	0.401886522795484	0	0.247248820923253	0	0.899957124481921	0.100042875518079	0	0
E3.15.Dip.heli.3.20150105.S	0.438316400580552	0.269956458635704	0	0	0	1	0	0	0
E3.15.Dip.heli.3.20150105.T	0	0.181571815718157	0	0	0	1	0	0	0
E3.15.Dip.heli.3.20150106.S	0.4149377593361	0.5850622406639	0	0	0	1	0	0	0
E3.15.Dip.heli.3.20150120.M	0	0	0	0.104046242774566	0	1	0	0	0
E3.15.Dip.heli.3.20150120.S	0	1	0	0	0	0.90625	0.09375	0	0
E3.15.Dip.heli.3.20150120.T	0	0.295918367346939	0	0	0	1	0	0	0
E3.15.Dip.heli.3.20150121.M	0	0.485175202156334	0	0.18559876780901	0	0.937620331151328	0.0623796688486715	0	0
E3.15.Dip.heli.3.20150121.S	0.1	0.470689655172414	0	0	0	1	0	0	0
E3.15.Dip.heli.3.20150121.T	0	0	0	0	0	0.935251798561151	0.0647482014388489	0	0
E3.15.Dip.heli.3.20150123.M	0	0.312606959498003	0	0	0	1	0	0	0
E3.15.Dip.heli.3.20150123.S	0.39833531510107	0.451843043995244	0	0.149821640903686	0	1	0	0	0
E3.15.Dip.heli.3.20150123.T	0.94413407821229	0	0	0.0558659217877095	0	0.94413407821229	0.0558659217877095	0	0
E3.15.Dip.heli.4.20150105.M	0.178519593613933	0	0	0.821480406386067	0	0.686502177068215	0.313497822931785	0	0
E3.15.Dip.heli.4.20150105.T	0	0.255639097744361	0	0.112781954887218	0	0.56390977443609	0.43609022556391	0	0
E3.15.Dip.heli.4.20150106.T	0	0	0	1	0	1	0	0	0
E3.17.Ech.horr.1.20150123.S	0.691717791411043	0	0	0	0	1	0	0	0
E3.17.Ech.horr.1.20150123.T	0.298507462686567	0	0	0	0	0.808457711442786	0.191542288557214	0	0
E3.17.Ech.mamm.1.20150123.M	0.0842373962986599	0.18761965539247	0	0	0	0.91576260370134	0.0842373962986599	0	0
E3.17.Ech.mamm.1.20150123.S	0.620817843866171	0	0	0.111524163568773	0	1	0	0	0
E3.17.Ech.mamm.1.20150123.T	0.784497827498377	0.0305648504220147	0	0.0741147680167807	0	0.757928382360286	0.242071617639714	0	0
E3.17.Ech.mamm.1.20150127.M	0.0371379054221342	0	0	0.962862094577866	0	1	0	0	0
E3.17.Ech.mamm.1.20150127.T	0.425191815856778	0	0	0.574808184143223	0	0.789641943734015	0.210358056265985	0.207800511508951	0.207800511508951
E3.17.Ech.mamm.1.20150129.M	0.126362735381566	0.20383217707301	0	0	0	0.873637264618434	0.126362735381566	0	0
E3.17.Ech.mamm.1.20150129.S	1	0	0	0	0	1	0	0	0
E3.17.Ech.mamm.1.20150129.T	0	0.566929133858268	0	0.433070866141732	0	1	0	0	0
E3.19.Sym.sp.1.20150125.M	0.0990544799639802	0.0342188203511932	0	0.182350292660964	0	0.718595227375056	0.281404772624944	0	0
E3.19.Sym.sp.1.20150127.M	0.286815068493151	0.0539383561643836	0	0	0	1	0	0	0
E3.19.Sym.sp.1.20150127.S	1	0	0	0	0	1	0	0	0
E3.19.Sym.sp.1.20150127.T	0	0	0	1	0	1	0	0	0
E3.19.Sym.sp.2.20150125.M	0.103386809269162	0.0760546642899584	0	0	0	0.896613190730838	0.103386809269162	0	0
E3.19.Sym.sp.2.20150125.S	0.775919732441472	0.224080267558528	0	0	0	0.923076923076923	0.0769230769230769	0	0
E3.2.Tur.reni.1.20150124.M	0.148618720130551	0.0307728173446789	0	0	0	0.900338034735983	0.0996619652640168	0	0
E3.2.Tur.reni.1.20150124.T	0	1	0	0	0	1	0	0	0
E3.2.Tur.reni.1.20150127.M	1	0	0	0	0	1	0	0	0
E3.2.Tur.reni.1.20150127.S	0	0.430008382229673	0	0	0	0.816429170159262	0.183570829840738	0	0
E3.2.Tur.reni.1.20150127.T	0.274671852211959	0.0884783665532329	0	0	0	0.824987846378221	0.175012153621779	0	0
E3.2.Tur.reni.2.20150124.M	0.145898329968802	0.543953018902551	0	0.117452743622683	0	0.854101670031198	0.145898329968802	0	0
E3.3.Por.cyli.1.20150123.M	0	0.20257663260773	0	0	0	1	0	0	0
E3.3.Por.cyli.1.20150123.S	0.315533980582524	0.684466019417476	0	0	0	1	0	0	0
E3.3.Por.cyli.1.20150123.T	0.38160469667319	0.61839530332681	0	0	0	0.61839530332681	0.38160469667319	0	0
E3.3.Por.cyli.1.20150127.M	0.233883647798742	0.25314465408805	0	0	0	0.832940251572327	0.167059748427673	0	0
E3.3.Por.cyli.1.20150127.S	0.923677363399827	0.0763226366001735	0	0	0	1	0	0	0
E3.3.Por.cyli.1.20150127.T	0	1	0	0	0	1	0	0	0
E3.3.Por.cyli.2.20150123.M	0	0.0334481062469257	0	0	0	1	0	0	0
E3.3.Por.cyli.2.20150123.S	0.766932270916335	0.233067729083665	0	0	0	1	0	0	0
E3.3.Por.cyli.2.20150123.T	0	1	0	0	0	1	0	0	0
E3.4.Pac.rugo.1.20150127.M	0.111054378350779	0.0796527955067654	0	0	0	1	0	0	0
E3.4.Pac.rugo.1.20150127.S	0.441666666666667	0	0	0	0	1	0	0	0
E3.4.Pac.rugo.1.20150127.T	0.0831710270042638	0.0164236458388167	0	0.0507974943412118	0	0.887613833763226	0.112386166236774	0	0
E3.4.Pac.rugo.1.20150128.M	0	0.176245210727969	0	0	0	1	0	0	0
E3.4.Pac.rugo.1.20150128.S	0.486092715231788	0.210596026490066	0	0.180132450331126	0	0.447682119205298	0.552317880794702	0	0
E3.4.Pac.rugo.1.20150128.T	0.719656283566058	0	0	0.280343716433942	0	0	1	0	0
E3.4.Pac.spec.1.20150128.M	0.0832599118942731	0.039647577092511	0	0	0	0.916740088105727	0.0832599118942731	0	0
E3.4.Pac.spec.1.20150128.S	0.372480280455741	0.329535495179667	0	0	0	0.41717791411043	0.582822085889571	0	0
E3.4.Pac.spec.1.20150128.T	0.563025210084034	0.109243697478992	0	0	0	0.302521008403361	0.697478991596639	0	0
E3.4.Pac.spec.1.20150129.M	0.115543803173143	0.0227638537594849	0	0.0448378937686825	0	0.839618303058174	0.160381696941826	0	0
E3.4.Pac.spec.1.20150129.S	0.387507229612493	0.612492770387507	0	0	0	1	0	0	0
E3.4.Pac.spec.1.20150129.T	0.169797168983292	0.0563011665576177	0	0	0	1	0	0	0
E3.5.Gal.astr.1.20150124.M	0.336610386834794	0	0.166702286813422	0.663389613165206	0	1	0	0.166702286813422	0
E3.5.Gal.astr.1.20150124.S	0	0.12280701754386	0	0	0	1	0	0	0
E3.5.Gal.astr.1.20150124.T	0	0.671487603305785	0	0.0392561983471074	0	0.328512396694215	0.671487603305785	0	0
E3.5.Gal.astr.2.20150124.M	1	0	0	0	0	1	0	0	0
E3.5.Gal.astr.2.20150124.S	0.423780487804878	0.11280487804878	0	0	0	1	0	0	0
E3.5.Gal.astr.2.20150124.T	0	0	0	0	0	0.786290322580645	0.213709677419355	0	0
E3.5.Gal.astr.2.20150127.M	0.22066674575869	0.0313204413334915	0	0.029066318661763	0	0.883734725352948	0.116265274647052	0	0
E3.5.Gal.astr.2.20150127.S	0.499515033947624	0.358874878758487	0	0.141610087293889	0	1	0	0	0
E3.6.Acr.hyac.1.20150105.M	0.273305084745763	0	0	0.24364406779661	0	0.726694915254237	0.273305084745763	0	0
E3.6.Acr.hyac.1.20150105.S	0.136612021857924	0	0	0.863387978142076	0	1	0	0	0
E3.6.Acr.hyac.1.20150106.M	0.192687747035573	0	0	0.0988142292490119	0	0.807312252964427	0.192687747035573	0	0
E3.6.Acr.hyac.1.20150106.S	0.484700606700079	0.233447639145344	0	0.281851754154577	0	0.620548667897652	0.379451332102348	0	0
E3.6.Acr.hyac.1.20150106.T	0	0.117553613979349	0	0.882446386020651	0	0.371723590150913	0.628276409849087	0	0
E3.6.Acr.hyac.1.20150118.M	1	0	0	0	0	1	0	0	0
E3.6.Acr.hyac.1.20150118.S	0.713995943204868	0	0	0	0	0	1	0	0
E3.6.Acr.hyac.1.20150118.T	0.10913140311804	0.0757238307349666	0	0.0623608017817372	0	0.815144766146993	0.184855233853007	0	0
E3.6.Acr.hyac.1.20150120.M	0.225274725274725	0	0	0.166895604395604	0	0.785714285714286	0.214285714285714	0	0
E3.6.Acr.hyac.1.20150120.S	0.551638324346744	0	0.149315636665284	0.448361675653256	0	1	0	0.149315636665284	0
E3.6.Acr.hyac.1.20150120.T	1	0	0	0	0	0	1	0	0
E3.6.Acr.hyac.1.20150121.M	0.246875	0.425	0	0	0	0.934375	0.065625	0	0
E3.6.Acr.hyac.1.20150121.S	0.681477783325013	0.0599101347978033	0	0.258612081877184	0	0.871193210184723	0.128806789815277	0	0
E3.6.Acr.hyac.1.20150121.T	0.316495166822576	0	0.321172435297786	0.683504833177424	0	0.637667602120362	0.362332397879638	0.321172435297786	0
E3.6.Acr.hyac.1.20150123.M	0.119284294234592	0.420145791915176	0	0	0	0.880715705765408	0.119284294234592	0	0
E3.6.Acr.hyac.1.20150123.S	0.8311345646438	0	0.168865435356201	0.168865435356201	0	1	0	0.168865435356201	0
E3.6.Acr.hyac.1.20150123.T	0.89152659850979	0	0	0.10847340149021	0	0.689655172413793	0.310344827586207	0	0
E3.6.Acr.hyac.2.20150105.M	0	0	0	0.126984126984127	0	1	0	0	0
E3.6.Acr.hyac.2.20150105.S	0.210334623264284	0.0773958570452993	0	0.712269519690417	0	0.605508763942636	0.394491236057364	0	0
E3.6.Acr.hyac.2.20150105.T	0.936719400499584	0	0	0.0632805995004163	0	0.936719400499584	0.0632805995004163	0	0
E3.6.Acr.hyac.2.20150106.M	0.256084271703596	0.111877951325826	0	0	0	0.87286596440247	0.12713403559753	0	0
E3.6.Acr.hyac.2.20150106.S	0.466535433070866	0	0	0.533464566929134	0	0.533464566929134	0.466535433070866	0	0
E3.6.Acr.hyac.2.20150106.T	0.193083573487032	0	0	0.806916426512968	0	1	0	0	0
E3.6.Acr.hyac.2.20150120.M	0	0	0	0	0	1	0	0	0
E3.6.Acr.hyac.2.20150120.S	0.222167366082449	0.199950629474204	0	0.144655640582572	0	0.894840780054308	0.105159219945692	0	0
E3.6.Acr.hyac.2.20150120.T	0	0	0	0.56	0	0.44	0.56	0	0
E3.6.Acr.hyac.2.20150121.M	0.267942583732057	0	0	0.062200956937799	0	0.669856459330143	0.330143540669856	0	0
E3.6.Acr.hyac.2.20150121.S	0	0.0626780626780627	0	0	0	1	0	0	0
E3.6.Acr.hyac.2.20150121.T	0	0	0	0.469230769230769	0	0.469230769230769	0.530769230769231	0	0
E3.6.Acr.hyac.2.20150123.M	0.11271676300578	0.101156069364162	0	0.121387283236994	0	0.816473988439306	0.183526011560694	0	0
E3.6.Acr.hyac.2.20150123.S	0.61198738170347	0.38801261829653	0	0	0	0.61198738170347	0.38801261829653	0	0
E3.6.Acr.hyac.2.20150123.T	0.929503916449086	0.0140992167101828	0	0.0563968668407311	0	0.687728459530026	0.312271540469974	0	0
E3.6.Acr.hyac.3.20150105.M	0.099940071209504	0	0	0.343250960623259	0	0.787534811576832	0.212465188423168	0	0
E3.6.Acr.hyac.3.20150105.S	0.327603212625053	0	0	0.672396787374947	0	0.485416373115401	0.514583626884599	0	0
E3.6.Acr.hyac.3.20150105.T	0.239661654135338	0	0	0.760338345864662	0	0.239661654135338	0.760338345864662	0	0
E3.6.Acr.hyac.3.20150106.T	0.665454545454546	0	0	0.334545454545455	0	0.752727272727273	0.247272727272727	0	0
E3.6.Acr.hyac.3.20150120.M	0.585888282234355	0	0	0.237715245695086	0	0.293154136917262	0.706845863082738	0	0
E3.6.Acr.hyac.3.20150120.S	0	0	0	1	0	1	0	0	0
E3.6.Acr.hyac.3.20150120.T	0.406141114982578	0	0	0.260670731707317	0	0.739329268292683	0.260670731707317	0	0
E3.6.Acr.hyac.3.20150121.M	0.0836653386454183	0.223107569721116	0	0.247011952191235	0	1	0	0	0
E3.6.Acr.hyac.3.20150121.S	1	0	0	0	0	1	0	0	0
E3.6.Acr.hyac.3.20150121.T	0	1	0	0	0	1	0	0	0
E3.6.Acr.hyac.3.20150123.M	0.0944639718804921	0.0377855887521968	0	0	0	0.949472759226714	0.0505272407732865	0	0
E3.6.Acr.hyac.3.20150123.S	0	0	0	0.648241206030151	0	0	1	0	0
E3.6.Acr.hyac.3.20150123.T	0.634325247978661	0.294656997582729	0	0.0710177544386097	0	0.709344002667334	0.290655997332667	0	0
E3.6.Acr.hyac.4.20150105.M	0	0	0	0.170212765957447	0	1	0	0	0
E3.6.Acr.hyac.4.20150105.S	0	0.84493670886076	0	0.15506329113924	0	0.15506329113924	0.84493670886076	0	0
E3.6.Acr.hyac.4.20150105.T	0.401960784313725	0	0	0.598039215686274	0	0.598039215686274	0.401960784313725	0	0
E3.6.Acr.hyac.4.20150106.M	0	0	0	1	0	0	1	0	0
E3.6.Acr.hyac.4.20150106.S	0	0	0	1	0	0.700267618198038	0.299732381801962	0	0
E3.6.Acr.hyac.4.20150106.T	0.713004484304933	0	0	0.286995515695067	0	0.286995515695067	0.713004484304933	0	0
E3.7.Pav.vari.1.20150124.M	0.243046178773967	0.0453686200378072	0	0.102619497704564	0	0.756953821226033	0.243046178773967	0	0
E3.7.Pav.vari.1.20150124.S	1	0	0	0	0	1	0	0	0
E3.7.Pav.vari.1.20150124.T	0.79	0	0	0	0	1	0	0	0
E3.7.Pav.vari.1.20150127.M	0.265065230896666	0	0	0.126113066887554	0	0.79809484365293	0.20190515634707	0	0
E3.7.Pav.vari.1.20150127.S	0.822784810126582	0	0	0.177215189873418	0	1	0	0	0
E3.7.Pav.vari.1.20150127.T	0	0	0	0	0	1	0	0	0
E3.7.Pav.vari.2.20150124.M	0.0936555891238671	0.0211480362537764	0	0.129909365558912	0	0.77643504531722	0.223564954682779	0	0
E3.Out.Mil.sp.1.20150125.M	0	0	0	1	0	1	0	0	0
E3.Out.Mil.sp.1.20150125.S	0	0	0	1	0	1	0	0	0
E3.Out.Pal.caes.1.20150125.M	0	0.116157047222725	0	0.233399674326036	0	0.766600325673964	0.233399674326036	0	0
E3.Out.Pal.caes.1.20150125.S	0.337016574585635	0	0	0	0	1	0	0	0
E3.Out.Pal.caes.1.20150125.T	0	0	0	0	0	1	0	0	0
E3.Out.Pal.caes.2.20150125.M	0.150816925010473	0.139086719731881	0	0	0	0.849183074989527	0.150816925010473	0	0
E3.Out.Pal.caes.2.20150125.S	0	0	0	0	0	1	0	0	0
E3.Out.Pal.caes.2.20150125.T	0	0	0	0	0	1	0	0	0
E7.10.Poc.dami.1.20150621.M	0.47586484312148	0	0	0.52413515687852	0	1	0	0.0337892196299276	0.0337892196299276
E7.10.Poc.dami.1.20150621.S	1	0	0	0	0	0.333333333333333	0.666666666666667	0	0
E7.10.Poc.dami.1.20150621.T	0	0	0	1	0	1	0	0	0
E7.10.Poc.dami.2.20150621.M	0	0.301236482702167	0	0.0871569514454353	0	0.925552539744087	0.0744474602559131	0	0
E7.10.Poc.dami.2.20150621.S	0.555803571428571	0.368303571428571	0	0.0758928571428571	0	0.444196428571429	0.555803571428571	0	0
E7.10.Poc.dami.3.20150621.M	0	0.860215053763441	0	0	0	0.860215053763441	0.139784946236559	0	0
E7.10.Poc.dami.3.20150621.S	0.824561403508772	0	0	0	0	0.175438596491228	0.824561403508772	0	0
E7.10.Poc.dami.3.20150621.T	0	0.683417085427136	0	0	0	1	0	0	0
E7.10.Ser.cali.1.20150622.M	0.780218299420563	0	0	0.162377038135022	0	0.839509500067376	0.160490499932624	0	0
E7.10.Ser.cali.1.20150622.S	0.773504273504273	0.166666666666667	0	0.0598290598290598	0	1	0	0	0
E7.10.Ser.cali.2.20150622.M	0.182839388145315	0.0573613766730402	0	0.161089866156788	0	0.817160611854684	0.182839388145315	0	0
E7.10.Ser.cali.2.20150622.S	0.512820512820513	0	0	0.487179487179487	0	0.892857142857143	0.107142857142857	0	0
E7.10.Ser.cali.3.20150622.M	0	0.296036126442549	0	0.0993477170095334	0	1	0	0	0
E7.10.Ser.cali.3.20150622.S	0	0	0	1	0	1	0	0	0
E7.17.Cyp.micr.1.20150621.M	0.0506756756756757	0.358108108108108	0	0.0506756756756757	0	0.949324324324324	0.0506756756756757	0	0
E7.17.Cyp.micr.1.20150621.S	0.577142857142857	0	0	0.422857142857143	0	0.422857142857143	0.577142857142857	0	0
E7.17.Cyp.micr.1.20150621.T	0	0	0	0.566666666666667	0	0.566666666666667	0.433333333333333	0	0
E7.17.Cyp.micr.2.20150621.M	0	0.336106489184692	0	0.224625623960067	0	1	0	0	0
E7.17.Cyp.micr.2.20150621.S	0.366701791359326	0.388830347734457	0	0	0	0.60695468914647	0.39304531085353	0	0
E7.17.Cyp.micr.3.20150621.M	0	0.188298587760592	0	0.712844653665097	0	0.901143241425689	0.0988567585743107	0	0
E7.17.Cyp.micr.3.20150621.S	1	0	0	0	0	1	0	0	0
E7.17.Ech.lame.1.20150620.M	0	0.324825986078886	0	0.0719257540603248	0	1	0	0	0
E7.17.Ech.lame.1.20150620.S	1	0	0	0	0	0	1	0	0
E7.17.Ech.lame.1.20150620.T	0	0	0	0.951204819277108	0	0.828313253012048	0.171686746987952	0	0
E7.17.Ech.lame.2.20150620.M	0.17743979721166	0.240811153358682	0	0	0	0.887198986058302	0.112801013941698	0	0
E7.17.Ech.lame.2.20150620.S	1	0	0	0	0	1	0	0	0
E7.17.Ech.lame.2.20150620.T	0.796610169491525	0	0	0.203389830508475	0	1	0	0	0
E7.17.Ech.lame.3.20150620.M	0.192266609698782	0.194402905362102	0	0.0205084383678701	0	1	0	0	0
E7.17.Ech.lame.3.20150620.T	0	0.49746192893401	0	0.50253807106599	0	0.565989847715736	0.434010152284264	0	0
E7.17.Fav.abdi.1.20150623.M	0	0.148481973434535	0	0	0	1	0	0	0
E7.17.Fav.abdi.1.20150623.S	0.478813559322034	0	0	0	0	1	0	0	0
E7.17.Fav.abdi.1.20150623.T	0	0	0	0	0	1	0	0	0
E7.17.Fav.abdi.2.20150623.M	0.474747474747475	0	0	0.525252525252525	0	1	0	0	0
E7.17.Fav.abdi.2.20150623.S	1	0	0	0	0	1	0	0	0
E7.17.Fav.spA.1.20150623.M	0.434300126103405	0	0.0408575031525851	0.565699873896595	0	0.661034047919294	0.338965952080706	0.122572509457755	0.0817150063051702
E7.17.Fav.spA.1.20150623.S	0.354792560801145	0.234620886981402	0	0.0572246065808298	0	1	0	0	0
E7.17.Fav.spA.1.20150623.T	0.703125	0	0	0.0516826923076923	0	1	0	0	0
E7.17.Fav.spA.2.20150623.M	0	0	0	1	0	1	0	0	0
E7.17.Fav.spA.2.20150623.S	0.610859728506787	0	0	0.389140271493213	0	1	0	0	0
E7.17.Fav.spA.2.20150623.T	0	0	0	1	0	1	0	0	0
E7.17.Fav.spB.1.20150623.M	0.192370243018447	0.236791970633335	0	0.0996700896798476	0	0.690534826448585	0.309465173551415	0	0
E7.17.Fav.spB.1.20150623.S	0.690721649484536	0	0	0	0	1	0	0	0
E7.17.Fav.spC.1.20150623.M	1	0	0	0	0	0	1	0	0
E7.17.Fav.spC.1.20150623.S	0.876923076923077	0.123076923076923	0	0	0	1	0	0	0
E7.17.Fav.spC.1.20150623.T	0.760869565217391	0	0	0.239130434782609	0	0.239130434782609	0.760869565217391	0	0
E7.17.Gon.edwa.1.20150623.M	0.259077526987242	0	0	0.631992149165849	0	0.239450441609421	0.760549558390579	0	0
E7.17.Gon.edwa.1.20150623.S	1	0	0	0	0	1	0	0	0
E7.17.Gon.edwa.1.20150623.T	1	0	0	0	0	1	0	0	0
E7.17.Gon.edwa.2.20150623.M	0.285906040268456	0	0	0.714093959731544	0	1	0	0	0
E7.17.Hyd.exce.1.20150620.M	0	0.398842463319287	0	0.181804335685637	0	1	0	0	0
E7.17.Hyd.exce.1.20150620.S	1	0	0	0	0	1	0	0	0
E7.17.Hyd.exes.1.20150622.M	0	0.209677419354839	0	0.187096774193548	0	1	0	0	0
E7.17.Hyd.exes.2.20150622.M	0	0	0	1	0	1	0	0	0
E7.17.Mer.ampl.1.20150621.M	0	0.463121783876501	0	0.111492281303602	0	1	0	0	0
E7.17.Mer.ampl.1.20150621.S	0	0	0	1	0	1	0	0	0
E7.17.Mer.ampl.1.20150621.T	0	0.417815962016731	0	0.480443138141533	0	0.898259100158264	0.101740899841736	0	0
E7.17.Mer.ampl.2.20150621.T	0	1	0	0	0	1	0	0	0
E7.17.Mer.ampl.3.20150621.M	0.360391281963274	0.303415136433842	0	0.0478805560322636	0	0.951089754590698	0.0489102454093015	0	0
E7.17.Mer.ampl.3.20150621.T	1	0	0	0	0	1	0	0	0
E7.17.Myc.elep.1.20150622.M	0	0.0420736288504884	0	0.0563486100676183	0	1	0	0	0
E7.17.Myc.elep.1.20150622.S	0	0	0	0	0	1	0	0	0
E7.17.Myc.elep.1.20150622.T	0.347490347490348	0	0	0.652509652509653	0	1	0	0	0
E7.17.Pla.sine.1.20150622.S	0.631325301204819	0.368674698795181	0	0	0	1	0	0	0
E7.17.Pla.sine.1.20150622.T	0.422018348623853	0.577981651376147	0	0	0	1	0	0	0
E7.17.Pla.sine.2.20150622.M	0.137045899499674	0.102240591690233	0	0.100500326299761	0	0.899499673700239	0.100500326299761	0	0
E7.17.Pla.sine.2.20150622.S	0.535259133389974	0.461342395921835	0	0.00339847068819031	0	0.931180968564146	0.0688190314358539	0	0
E7.17.Pla.sine.2.20150622.T	0.184873949579832	0.815126050420168	0	0	0	1	0	0	0
E7.17.Pla.sine.3.20150622.M	0	0.182303245887061	0	0.0807025344597599	0	1	0	0	0
E7.17.Pla.sine.3.20150622.S	0.768253968253968	0.231746031746032	0	0	0	0.768253968253968	0.231746031746032	0	0
E7.17.Pla.sine.3.20150622.T	0.684931506849315	0.315068493150685	0	0	0	0.684931506849315	0.315068493150685	0	0
E7.19.Lob.hemp.1.20150619.M	0.0743565300285987	0.110581506196377	0	0	0	0.925643469971401	0.0743565300285987	0	0
E7.19.Lob.hemp.1.20150619.S	0.765957446808511	0	0	0	0	1	0	0	0
E7.19.Lob.hemp.1.20150619.T	0	0	0	0	0	1	0	0	0
E7.19.Lob.hemp.1.20150621.M	0.047234796299941	0.265302105884668	0	0.436528242471954	0	0.749065144656564	0.250934855343436	0	0
E7.19.Lob.hemp.1.20150621.S	0.861386138613861	0.138613861386139	0	0	0	0.986798679867987	0.0132013201320132	0	0
E7.19.Lob.hemp.1.20150621.T	0.598152424942263	0.173210161662818	0	0	0	1	0	0	0
E7.19.Lob.hemp.2.20150619.M	0.189189189189189	0	0	0	0	0.810810810810811	0.189189189189189	0	0
E7.19.Lob.hemp.2.20150619.S	0.455172413793103	0	0	0	0	1	0	0	0
E7.3.Por.loba.1.20150619.M	0	0.0798474556071982	0	0.169348111071386	0	0.796686926468836	0.203313073531164	0	0
E7.3.Por.loba.1.20150619.S	0	0.793733681462141	0	0.0191470844212359	0	0.812880765883377	0.187119234116623	0	0
E7.3.Por.loba.1.20150619.T	0	1	0	0	0	1	0	0	0
E7.3.Por.loba.2.20150619.M	0	0.172714078374456	0	0.827285921625544	0	1	0	0.090711175616836	0.090711175616836
E7.3.Por.loba.2.20150619.S	0	1	0	0	0	1	0	0	0
E7.3.Por.loba.2.20150619.T	0	1	0	0	0	1	0	0	0
E7.3.Por.loba.3.20150619.M	0	0.813688212927757	0	0.186311787072243	0	1	0	0	0
E7.3.Por.loba.3.20150619.S	0.724489795918367	0	0	0.275510204081633	0	1	0	0	0
E7.3.Por.loba.3.20150619.T	0	1	0	0	0	1	0	0	0
E7.3.Por.loba.4.20150619.M	0.0588968526020567	0.471174820816454	0	0.46992832658149	0	1	0	0.0860081022125273	0.0860081022125273
E7.3.Por.loba.4.20150619.S	0	0	0	0.517241379310345	0	0.517241379310345	0.482758620689655	0	0
E7.3.Por.loba.4.20150619.T	0	1	0	0	0	1	0	0	0
E7.5.Gal.astr.1.20150622.M	0.125981376666058	0.329559978090195	0	0.0967683038159577	0	0.792404601058974	0.207595398941026	0	0
E7.5.Gal.astr.1.20150622.S	0.547445255474453	0.452554744525547	0	0	0	1	0	0	0
E7.5.Gal.astr.1.20150622.T	0.668316831683168	0.331683168316832	0	0	0	1	0	0	0
E7.5.Gal.fasc.1.20150621.M	0.00223914017017465	0.380653828929691	0	0.0181370353784147	0	1	0	0	0
E7.5.Gal.fasc.1.20150621.S	0.461538461538462	0	0	0	0	1	0	0	0
E7.5.Gal.fasc.1.20150621.T	0.795744680851064	0	0	0	0	1	0	0	0
E7.5.Gal.fasc.1.20150622.M	0.139797395079595	0.461939218523878	0.0659913169319826	0.398263386396527	0	0.538060781476122	0.461939218523878	0.0659913169319826	0
E7.5.Gal.fasc.1.20150622.S	0	1	0	0	0	1	0	0	0
E7.5.Gal.fasc.1.20150622.T	0	1	0	0	0	1	0	0	0
E7.6.Acr.hyac.1.20150622.M	0.0823776449685027	0.18736876110483	0	0.265062187045711	0	1	0	0	0
E7.6.Acr.hyac.1.20150622.S	0.307463909081601	0.106071465137709	0	0.106071465137709	0	0.863622401965803	0.136377598034197	0	0
E7.6.Acr.hyac.1.20150622.T	0.343173431734317	0	0	0.656826568265683	0	1	0	0	0
E7.6.Acr.hyac.2.20150622.M	0	0.38375	0	0.1178125	0	1	0	0	0
E7.6.Acr.hyac.2.20150622.S	0.557851239669422	0	0	0.442148760330579	0	0.570247933884298	0.429752066115702	0	0
E7.6.Acr.hyac.2.20150622.T	0.174107142857143	0	0	0.825892857142857	0	1	0	0	0
E7.6.Acr.hyac.3.20150622.M	0	0.40592393133625	0	0.0757320767418378	0	1	0	0	0
E7.6.Acr.hyac.3.20150622.S	0	0.487632508833922	0	0.512367491166078	0	1	0	0	0
E7.6.Acr.hyac.3.20150622.T	0	0.0219378427787934	0	0.228519195612431	0	1	0	0	0
E7.6.Mon.aequ.1.20150620.M	0.740381954054802	0	0	0.0869083863825076	0	0.680597841129255	0.319402158870745	0	0
E7.6.Mon.aequ.1.20150620.S	0.824053452115813	0	0	0.175946547884187	0	0.175946547884187	0.824053452115813	0	0
E7.6.Mon.aequ.1.20150620.T	0.208712350919749	0.430159692743077	0	0.329997978572872	0	0.689407721851627	0.310592278148373	0.0505356781888013	0.0505356781888013
E7.6.Mon.aequ.2.20150620.M	0.303449744463373	0.355621805792164	0	0.0351362862010221	0	0.979557069846678	0.020442930153322	0	0
E7.6.Mon.aequ.2.20150620.S	0.41123595505618	0.229213483146067	0	0.164044943820225	0	0.804494382022472	0.195505617977528	0	0
E7.6.Mon.aequ.2.20150620.T	0	0	0	0.368181818181818	0	0.604545454545454	0.395454545454546	0	0
E7.6.Mon.aequ.3.20150620.M	0.148123765635286	0.144021876740771	0.0820377778903125	0.675039246467818	0	0.520534764774396	0.479465235225604	0.0820377778903125	0
E7.6.Mon.aequ.3.20150620.S	0.291554959785523	0	0	0.346514745308311	0	0.638069705093834	0.361930294906166	0	0
E7.6.Mon.aequ.3.20150620.T	0.878737077395921	0	0	0.0860575579770886	0	0.964794635373009	0.0352053646269908	0	0
E7.6.Mon.aequ.4.20150620.M	0.438967136150235	0	0	0.561032863849765	0	1	0	0	0
E7.6.Mon.aequ.4.20150620.S	0.617876532556718	0	0	0.297990148491713	0	0.819221227483551	0.180778772516449	0	0
E7.6.Mon.aequ.4.20150620.T	1	0	0	0	0	1	0	0	0
E7.7.Pav.vari.1.20150622.M	0	0.159784560143627	0	0.149012567324955	0	0.949730700179533	0.0502692998204668	0	0
E7.7.Pav.vari.1.20150623.M	1	0	0	0	0	0.316656497864552	0.683343502135448	0	0
E7.7.Pav.vari.1.20150623.S	0	0	0	0	0	1	0	0	0
E7.7.Pav.vari.1.20150623.T	0.508474576271186	0	0	0	0	1	0	0	0
E7.7.Pav.vari.2.20150622.M	0.212893913880202	0.178012990137118	0	0.0606206398845321	0	1	0	0	0
E7.7.Pav.vari.2.20150622.S	1	0	0	0	0	1	0	0	0
E7.7.Pav.vari.2.20150622.T	0	1	0	0	0	1	0	0	0
E7.Sed.1.20150620	0	0.186746987951807	0	0	0	1	0	0	0
E7.Sed.1.20150623	0	0	0	0	0	1	0	0	0
Negative.Control.1	0.323615160349854	0	0	0.676384839650146	0	1	0	0	0
Negative.Control.2	0	0	0	0	0	0	1	0	0
Negative.Control.3	0	0	0	1	0	1	0	0	0
Negative.Control.4	0.840386940749698	0	0	0.0592503022974607	0	0.899637243047158	0.100362756952842	0	0
