	Contains_Mobile_Elements
151316	NA
324488	NA
4389591	NA
2860	NA
1105792	NA
4261545	NA
4358878	NA
2896033	NA
4385170	NA
107274	NA
511928	NA
2776653	NA
811810	NA
252636	NA
1108248	NA
4478949	NA
4454320	NA
1132384	NA
181875	NA
4456435	NA
575079	NA
1109458	NA
109057	NA
2662153	NA
1106054	NA
644385	NA
2058154	NA
4355551	NA
170883	NA
4349537	NA
2655589	NA
1107711	NA
4389260	NA
274405	NA
818331	NA
1678827	NA
639790	NA
227000	NA
352526	NA
4463263	NA
4465584	NA
4430489	NA
544395	NA
2935	NA
3825887	NA
576363	NA
512663	NA
587391	NA
4408481	NA
206114	NA
4425265	NA
4428688	NA
2445279	NA
4374025	NA
3164102	NA
182038	NA
4472671	NA
67775	NA
832359	NA
620857	NA
859313	NA
4443256	NA
553974	NA
238105	NA
4420771	NA
169264	NA
280566	NA
4383665	NA
808539	NA
4387407	NA
98554	NA
325904	NA
553766	NA
4412803	NA
235928	NA
547139	NA
327084	NA
728068	NA
208171	NA
256652	NA
352699	NA
4352040	NA
262025	NA
2313484	NA
305967	NA
829116	NA
591272	NA
801857	NA
940971	NA
1853226	NA
531374	NA
691473	NA
268483	NA
114811	NA
4184652	NA
136056	NA
1111553	NA
299227	NA
4479618	NA
4411920	NA
343908	NA
4344969	NA
677590	NA
557998	NA
3429461	NA
310920	NA
3760122	NA
575225	NA
2194481	NA
552862	NA
4482302	NA
1679817	NA
752461	NA
605842	NA
4306533	NA
578760	NA
99933	NA
2062934	NA
4415180	NA
573032	NA
114788	NA
513117	NA
571664	NA
4349595	NA
4392443	NA
786086	NA
1126466	NA
4064681	NA
4396740	NA
4396338	NA
7604	NA
4391995	NA
4410004	NA
3025176	NA
807785	NA
757894	NA
570408	NA
266995	NA
2146124	NA
200561	NA
758023	NA
590476	NA
551628	NA
4450181	NA
250017	NA
1108984	NA
4438836	NA
827866	NA
295330	NA
4398746	NA
3208	NA
334709	NA
3888454	NA
150582	NA
3852555	NA
661170	NA
587951	NA
535383	NA
210359	NA
3129454	NA
72480	NA
2710	NA
1787054	NA
3831498	NA
1111255	NA
2583848	NA
4379013	NA
849122	NA
1114110	NA
4450615	NA
2680784	NA
3867306	NA
4247767	NA
2722477	NA
536121	NA
278136	NA
144057	NA
4366403	NA
563535	NA
835189	NA
740676	NA
541497	NA
448094	NA
992246	NA
575061	NA
798688	NA
588112	NA
2860880	NA
539453	NA
1147840	NA
305529	NA
1110665	NA
804325	NA
608473	NA
