	Contains_Mobile_Elements
97685	NA
538535	NA
349986	NA
1124207	NA
102620	NA
4353625	NA
4370980	NA
136025	NA
621842	NA
702400	NA
4455980	NA
4473288	NA
1016465	NA
537062	NA
114176	NA
552508	NA
137866	NA
2781721	NA
2609531	NA
538178	NA
948180	NA
422295	NA
312009	NA
4439950	NA
551347	NA
341734	NA
70494	NA
343315	NA
101015	NA
155521	NA
830956	NA
529653	NA
215441	NA
4299614	NA
304801	NA
4416783	NA
254116	NA
109057	NA
354483	NA
1107903	NA
585063	NA
232796	NA
554981	NA
258655	NA
4469487	NA
448094	NA
646478	NA
4064681	NA
2238644	NA
4480289	NA
1130212	NA
878161	NA
265874	NA
4478236	NA
351673	NA
579324	NA
98258	NA
354518	NA
4386464	NA
314474	NA
154607	NA
569951	NA
577123	NA
4465164	NA
993127	NA
4465584	NA
143326	NA
4424338	NA
1928988	NA
689621	NA
1112599	NA
304223	NA
3208	NA
525841	NA
279370	NA
814067	NA
3860285	NA
1139117	NA
829240	NA
813687	NA
113207	NA
4424382	NA
1105509	NA
159172	NA
37747	NA
4324601	NA
739464	NA
345093	NA
238105	NA
136924	NA
740676	NA
4460593	NA
344914	NA
278735	NA
1144747	NA
197233	NA
325904	NA
1145468	NA
574952	NA
4358878	NA
439457	NA
787663	NA
248468	NA
572843	NA
181252	NA
334709	NA
164443	NA
328826	NA
288743	NA
4436487	NA
307425	NA
640060	NA
4393019	NA
3240665	NA
741691	NA
362891	NA
165687	NA
2932342	NA
1136762	NA
513156	NA
255671	NA
3603301	NA
4392535	NA
818599	NA
2153555	NA
815925	NA
342224	NA
2528843	NA
583622	NA
225370	NA
1106925	NA
337036	NA
1114496	NA
591394	NA
744941	NA
718979	NA
10724	NA
810972	NA
544480	NA
20957	NA
4413099	NA
574883	NA
4327197	NA
836059	NA
276370	NA
4264161	NA
4474998	NA
2981822	NA
3471198	NA
4409036	NA
329004	NA
2222988	NA
160916	NA
305633	NA
141607	NA
819561	NA
313235	NA
327767	NA
3208272	NA
4330745	NA
569119	NA
3728302	NA
545863	NA
4411365	NA
727834	NA
960695	NA
4366355	NA
975158	NA
3154121	NA
1136342	NA
3253	NA
851938	NA
1007384	NA
365956	NA
724665	NA
112750	NA
4435356	NA
557211	NA
341460	NA
518854	NA
242585	NA
4403486	NA
327055	NA
3192521	NA
624006	NA
4288257	NA
817309	NA
782961	NA
236166	NA
1078732	NA
4415437	NA
4378660	NA
83514	NA
5137	NA
147700	NA
4374816	NA
2058154	NA
3457597	NA
565890	NA
240451	NA
4450615	NA
904196	NA
1637549	NA
626867	NA
11282	NA
543572	NA
785565	NA
227068	NA
4375708	NA
933546	NA
342100	NA
4471424	NA
4392549	NA
563194	NA
1105555	NA
325735	NA
1106468	NA
1140434	NA
719631	NA
57451	NA
625724	NA
627816	NA
254686	NA
4459021	NA
112962	NA
279010	NA
1543166	NA
1118132	NA
565917	NA
4401013	NA
195246	NA
208265	NA
1011514	NA
4371645	NA
157669	NA
210958	NA
4396977	NA
831559	NA
62921	NA
4446915	NA
318061	NA
814148	NA
4441046	NA
4314926	NA
301880	NA
525942	NA
817401	NA
559852	NA
679745	NA
4467056	NA
254888	NA
708774	NA
297256	NA
1132905	NA
536362	NA
4469706	NA
110525	NA
327945	NA
4451400	NA
1787054	NA
1121806	NA
60179	NA
569884	NA
4452538	NA
266502	NA
170883	NA
819776	NA
221107	NA
4416798	NA
4446492	NA
542071	NA
611009	NA
361402	NA
343908	NA
215190	NA
1697007	NA
1126195	NA
113724	NA
3726188	NA
4355195	NA
146556	NA
306254	NA
4446152	NA
699904	NA
791214	NA
2147801	NA
330903	NA
2642683	NA
252615	NA
1112543	NA
4319936	NA
4354131	NA
534698	NA
158026	NA
31738	NA
221272	NA
224155	NA
4391595	NA
4329000	NA
4302748	NA
1111883	NA
509377	NA
575143	NA
279230	NA
346431	NA
218772	NA
270104	NA
111320	NA
4206785	NA
150441	NA
2366094	NA
4452877	NA
684719	NA
592877	NA
339472	NA
734928	NA
4335137	NA
1009173	NA
539313	NA
2062934	NA
154445	NA
2680784	NA
555302	NA
533420	NA
3916474	NA
235042	NA
22928	NA
617644	NA
4473308	NA
1112875	NA
279529	NA
4404060	NA
924032	NA
4326369	NA
4345876	NA
1140185	NA
4298967	NA
541244	NA
4382687	NA
326636	NA
832001	NA
427183	NA
590476	NA
348570	NA
540940	NA
3058999	NA
271790	NA
249115	NA
2140895	NA
159567	NA
2401319	NA
230061	NA
2672863	NA
220524	NA
842284	NA
4425801	NA
4325392	NA
137183	NA
4469658	NA
587162	NA
554375	NA
535454	NA
28793	NA
758023	NA
834774	NA
4464567	NA
279050	NA
3116170	NA
539735	NA
2217826	NA
317142	NA
547736	NA
819298	NA
1006554	NA
508778	NA
318205	NA
256904	NA
357329	NA
1134434	NA
706500	NA
816228	NA
4461101	NA
132661	NA
325346	NA
544328	NA
2930	NA
1106960	NA
4388765	NA
713190	NA
1082059	NA
159017	NA
594000	NA
4128584	NA
4339351	NA
318860	NA
2317377	NA
151344	NA
677165	NA
331911	NA
741074	NA
837605	NA
809730	NA
804742	NA
229993	NA
766554	NA
228873	NA
838990	NA
1085646	NA
3537665	NA
227717	NA
237232	NA
4461079	NA
875548	NA
809980	NA
356942	NA
354725	NA
813080	NA
4311518	NA
681073	NA
234654	NA
691473	NA
4358716	NA
565514	NA
316737	NA
4363459	NA
237131	NA
211593	NA
3951243	NA
542933	NA
921110	NA
696532	NA
587725	NA
822328	NA
83349	NA
573599	NA
3944484	NA
1539143	NA
1109402	NA
4281045	NA
4360500	NA
591647	NA
4363948	NA
241760	NA
300618	NA
1106214	NA
320613	NA
962249	NA
4404053	NA
296133	NA
4369968	NA
1111458	NA
248649	NA
4481373	NA
3290338	NA
2775220	NA
4369319	NA
4477035	NA
3992842	NA
817345	NA
11427	NA
3211673	NA
4415166	NA
41476	NA
4482961	NA
986513	NA
3392964	NA
825260	NA
336306	NA
840347	NA
324488	NA
795623	NA
357897	NA
176775	NA
180118	NA
207780	NA
4327787	NA
160355	NA
931727	NA
535510	NA
307148	NA
4475608	NA
545892	NA
74751	NA
911243	NA
943138	NA
292910	NA
1072157	NA
1016369	NA
4369009	NA
4374109	NA
352328	NA
304211	NA
583197	NA
386273	NA
203626	NA
4420771	NA
333593	NA
570408	NA
81639	NA
920506	NA
1104793	NA
239197	NA
1537126	NA
224772	NA
848713	NA
4325551	NA
272211	NA
2853359	NA
532762	NA
1015143	NA
909401	NA
4361225	NA
1087462	NA
238940	NA
268069	NA
4381809	NA
339359	NA
560472	NA
330888	NA
4024061	NA
586013	NA
576076	NA
4362093	NA
575533	NA
253734	NA
4441200	NA
2842412	NA
1124068	NA
225187	NA
4442779	NA
4018589	NA
4433458	NA
199876	NA
4466618	NA
135965	NA
137516	NA
325175	NA
278306	NA
581821	NA
228555	NA
258327	NA
16854	NA
553974	NA
4434377	NA
1665651	NA
801857	NA
1010113	NA
504674	NA
4334349	NA
550712	NA
1967331	NA
4371135	NA
232551	NA
114498	NA
575010	NA
312645	NA
1696625	NA
313522	NA
882018	NA
837775	NA
1139618	NA
3825322	NA
4472671	NA
2935	NA
262657	NA
4392443	NA
499902	NA
584331	NA
