	Aerobic	Anaerobic	Contains_Mobile_Elements	Facultatively_Anaerobic	Forms_Biofilms	Gram_Negative	Gram_Positive	Potentially_Pathogenic	Stress_Tolerant
E1.10.Sty.pist.1.20140815.M	0	0	0	1	0	1	0	0	0
E1.10.Sty.pist.1.20140815.T	0	1	0	0	0	0	1	0	0
E1.11.Fun.sp.1.20140730.M	1	0	0	0	0	1	0	0	0
E1.11.Lep.tran.1.20140731.S	1	0	0	0	0	1	0	0	0
E1.11.Lep.tran.1.20140731.T	0	0	0	0	0	1	0	0	0
E1.11.Psa.digi.1.20140807.M	0	0	0	0	0	1	0	0	0
E1.14.Phy.lich.1.20140801.T	0	0	0	0	0	1	0	0	0
E1.14.Phy.lich.1.20140811.M	0.0454545454545455	0.954545454545455	0	0	0	0.0454545454545455	0.954545454545455	0	0
E1.14.Phy.lich.1.20140811.S	0	0.386363636363636	0	0	0	1	0	0	0
E1.14.Phy.lich.1.20140811.T	1	0	0	0	0	0	1	0	0
E1.15.Dip.heli.1.20140726.M	0.932504440497336	0.0674955595026643	0	0	0	0.706927175843694	0.293072824156306	0	0
E1.15.Dip.heli.1.20140726.S	0	0.398272552783109	0	0.0307101727447217	0	1	0	0	0
E1.15.Dip.heli.1.20140809.M	0	1	0	0	0	1	0	0	0
E1.15.Dip.heli.1.20140809.T	0	1	0	0	0	1	0	0	0
E1.15.Dip.heli.1.20140815.T	0	0	0	1	0	1	0	0	0
E1.15.Dip.heli.1.20140905.M	0	1	0	0	0	1	0	0	0
E1.15.Dip.heli.1.20140905.S	0	1	0	0	0	1	0	0	0
E1.17.Ech.lame.1.20140905.S	0	1	0	0	0	1	0	0	0
E1.17.Ech.lame.1.20140905.T	0	1	0	0	0	1	0	0	0
E1.17.Fav.sp.1.20140805.T	1	0	0	0	0	1	0	0	0
E1.17.Fav.sp.1.20140811.M	0	0	0	0	0	1	0	0	0
E1.17.Fav.sp.2.20140805.M	1	0	0	0	0	0.333333333333333	0.666666666666667	0	0
E1.17.Fav.sp.2.20140805.T	0	1	0	0	0	1	0	0	0
E1.19.Lob.sp.1.20140809.M	0	0	0	0	0	1	0	0	0
E1.19.Sym.sp.1.20140814.M	0	1	0	0	0	0	1	0	0
E1.19.Sym.sp.1.20140814.S	0.331828442437923	0	0	0	0	0.331828442437923	0.668171557562077	0	0
E1.19.Sym.sp.1.20140815.S	0	0	0	0	0	0	1	0	0
E1.19.Sym.sp.1.20140815.T	0	1	0	0	0	0	1	0	0
E1.2.Tur.pelt.1.20140814.M	0	0.72093023255814	0	0	0	0.27906976744186	0.72093023255814	0	0
E1.2.Tur.pelt.1.20140814.S	0.732718894009217	0.267281105990783	0	0	0	1	0	0	0
E1.2.Tur.reni.1.20140730.T	0	0.243243243243243	0	0	0	0.756756756756757	0.243243243243243	0	0
E1.2.Tur.reni.1.20140814.M	0	1	0	0	0	1	0	0	0
E1.3.Por.loba.1.20140726.S	1	0	0	0	0	1	0	0	0
E1.3.Por.loba.1.20140905.T	0	1	0	0	0	1	0	0	0
E1.4.Pac.rugo.1.20140728.M	0	1	0	0	0	1	0	0	0
E1.4.Pac.rugo.1.20140728.S	0	1	0	0	0	0	1	0	0
E1.4.Pac.rugo.1.20140728.T	0	0.689655172413793	0	0.310344827586207	0	1	0	0	0
E1.4.Pac.rugo.1.20140814.M	0	1	0	0	0	1	0	0	0
E1.4.Pac.rugo.1.20140814.T	0	1	0	0	0	0.545212765957447	0.454787234042553	0	0
E1.4.Pac.spec.1.20140801.M	0	0	0	0	0	1	0	0	0
E1.4.Pac.spec.1.20140801.S	0	1	0	0	0	0	1	0	0
E1.5.Gal.astr.1.20140807.S	1	0	0	0	0	1	0	0	0
E1.5.Gal.astr.1.20140814.M	0	0.316455696202532	0	0	0	1	0	0	0
E1.6.Acr.humi.1.20140731.S	0	0	0	0	0	1	0	0	0
E1.6.Acr.sp.1.20140905.M	0	1	0	0	0	1	0	0	0
E1.6.Acr.sp.1.20140905.S	0	1	0	0	0	1	0	0	0
E1.6.Acr.sp.1.20140905.T	0	1	0	0	0	1	0	0	0
E1.6.Iso.pali.1.20140815.M	0	0	0	1	0	0	1	0	0
E1.6.Iso.pali.1.20140815.T	0	0	0	1	0	0	1	0	0
E1.6.Mon.hisp.1.20140807.S	0	0.114285714285714	0	0	0	1	0	0	0
E1.6.Mon.hisp.1.20140807.T	1	0	0	0	0	0	1	0	0
E1.7.Pav.sp.1.20140905.M	0	1	0	0	0	1	0	0	0
E1.7.Pav.sp.1.20140905.T	0	0.527331189710611	0	0	0	0.472668810289389	0.527331189710611	0	0
E1.7.Pav.vari.1.20140805.T	0	1	0	0	0	1	0	0	0
E1.7.Pav.veno.1.20140809.M	0	1	0	0	0	1	0	0	0
E1.Out.Mil.sp.1.20140814.M	0	1	0	0	0	0	1	0	0
E1.Out.Mil.sp.1.20140814.S	0.782608695652174	0.217391304347826	0	0	0	1	0	0	0
E1.Out.Mil.sp.1.20140814.T	0.821615949632739	0.178384050367261	0	0	0	1	0	0	0
E10.10.Sty.pist.1.20150630.M	0.586206896551724	0	0	0.413793103448276	0	0.413793103448276	0.586206896551724	0	0
E10.10.Sty.pist.2.20150630.M	0	0	0	1	0	1	0	0	0
E10.17.Fav.abdi.1.20150630.M	0	0	0	1	0	1	0	0	0
E10.17.Fav.abdi.2.20150630.M	0.668918918918919	0	0	0.331081081081081	0	0.331081081081081	0.668918918918919	0	0
E10.17.Gon.favu.1.20150629.M	0	0	0	1	0	1	0	0	0
E10.17.Gon.favu.1.20150630.M	0.906140007821666	0	0.093859992178334	0.093859992178334	0	0.093859992178334	0.906140007821666	0.093859992178334	0.093859992178334
E10.17.Gon.favu.1.20150630.T	0	0	0	1	0	1	0	0	0
E10.17.Gon.favu.2.20150630.S	1	0	0	0	0	1	0	0	0
E10.17.Mon.curt.3.20150629.M	1	0	0	0	0	1	0	0	0
E10.17.Mon.curt.3.20150629.T	0	0	0	0	0	1	0	0	0
E10.Aca.hill.1.20150629.M	0	0	0	0	0	1	0	0	0
E10.Aca.hill.1.20150629.S	1	0	0	0	0	1	0	0	0
E10.Aca.hill.1.20150629.T	0	0	0	1	0	1	0	0	0
E10.Aca.hill.2.20150629.M	0	0	0	1	0	1	0	0	0
E10.Aca.hill.3.20150629.S	1	0	0	0	0	0.36241610738255	0.63758389261745	0	0
E10.Acr.cyth.1.20150627.M	0.957654723127036	0	0	0.0423452768729642	0	1	0	0	0
E10.Acr.cyth.1.20150627.S	0	1	0	0	0	1	0	0	0
E10.Acr.cyth.1.20150627.T	0	0	0	0	0	0	1	0	0
E10.Acr.cyth.2.20150627.M	0.603960396039604	0	0	0.396039603960396	0	1	0	0	0
E10.Acr.cyth.2.20150627.S	1	0	0	0	0	0	1	0	0
E10.Acr.cyth.3.20150627.M	1	0	0	0	0	1	0	0	0
E10.Acr.pali.1.20150627.M	1	0	0	0	0	1	0	0	0
E10.Acr.pali.2.20150627.S	0	0.466666666666667	0	0.533333333333333	0	0	1	0	0
E10.Acr.pali.3.20150627.T	0	0	0	1	0	1	0	0	0
E10.Alv.alli.2.20150628.M	1	0	0	0	0	0.628571428571429	0.371428571428571	0	0
E10.Alv.alli.2.20150628.T	1	0	0	0	0	1	0	0	0
E10.Alv.alli.3.20150628.S	0	0	0	0	0	1	0	0	0
E10.Cyp.micr.1.20150627.M	0	0.644836272040302	0	0.355163727959698	0	1	0	0	0
E10.Mon.curt.1.20150629.M	0	0.774193548387097	0	0.225806451612903	0	1	0	0	0
E10.Poc.dami.2.20150628.S	0	0	0	0	0	1	0	0	0
E10.Por.hero.3.20150628.S	0	0.760180995475113	0	0	0	0	1	0	0
E10.Por.hero.3.20150628.T	0	1	0	0	0	0	1	0	0
E10.Ser.cali.1.20150627.S	1	0	0	0	0	1	0	0	0
E10.Ser.cali.3.20150627.M	0.785714285714286	0	0	0.214285714285714	0	1	0	0	0
E3.10.Sty.pist.1.20150127.M	0	0	0	0	0	1	0	0	0
E3.11.Fun.sp.1.20150127.T	0	0	0	0	0	1	0	0	0
E3.11.Fun.sp.2.20150125.T	0	0	1	1	0	1	0	1	1
E3.14.Phy.lich.1.20150129.M	0	0	0	0	0	1	0	0	0
E3.14.Phy.lich.2.20150125.M	0	0	0	1	0	1	0	0	0
E3.15.Dip.heli.1.20150105.M	0	1	0	0	0	0	1	0	0
E3.15.Dip.heli.1.20150105.T	0	1	0	0	0	0.955752212389381	0.0442477876106195	0	0
E3.15.Dip.heli.1.20150106.M	0	0	0	0	0	1	0	0	0
E3.15.Dip.heli.1.20150106.S	0	1	0	0	0	1	0	0	0
E3.15.Dip.heli.1.20150118.S	0	0	0	0	0	0	1	0	0
E3.15.Dip.heli.1.20150119.M	0	0	0	0	0	0.713178294573643	0.286821705426357	0	0
E3.15.Dip.heli.1.20150119.S	0	0	0	0	0	1	0	0	0
E3.15.Dip.heli.1.20150120.M	0	0	0	0	0	1	0	0	0
E3.15.Dip.heli.1.20150120.S	0	0	0	0	0	1	0	0	0
E3.15.Dip.heli.1.20150121.S	0.45141065830721	0	0	0	0	0.648902821316614	0.351097178683386	0	0
E3.15.Dip.heli.1.20150123.M	0.19047619047619	0	0	0	0	0.80952380952381	0.19047619047619	0	0
E3.15.Dip.heli.1.20150123.S	0	0	0	0	0	1	0	0	0
E3.15.Dip.heli.1.20150123.T	0	1	0	0	0	1	0	0	0
E3.15.Dip.heli.2.20150105.M	0	0	0	1	0	0	1	0	0
E3.15.Dip.heli.2.20150105.T	1	0	0	0	0	1	0	0	0
E3.15.Dip.heli.2.20150106.T	0	1	0	0	0	1	0	0	0
E3.15.Dip.heli.2.20150121.M	1	0	0	0	0	1	0	0	0
E3.15.Dip.heli.2.20150121.S	0	0	0	0	0	1	0	0	0
E3.15.Dip.heli.2.20150123.M	0	1	0	0	0	1	0	0	0
E3.15.Dip.heli.2.20150123.S	0	0.97029702970297	0	0	0	1	0	0	0
E3.15.Dip.heli.3.20150105.M	0	0.63235294117647	0	0.367647058823529	0	1	0	0	0
E3.15.Dip.heli.3.20150105.S	0	0	0	0	0	1	0	0	0
E3.15.Dip.heli.3.20150106.M	1	0	0	0	0	0	1	0	0
E3.15.Dip.heli.3.20150106.T	0	0	0	0.689655172413793	0	1	0	0	0
E3.15.Dip.heli.3.20150120.S	0	0.485714285714286	0	0	0	0.514285714285714	0.485714285714286	0	0
E3.15.Dip.heli.3.20150120.T	0	0	0	1	0	0	1	0	0
E3.15.Dip.heli.3.20150121.S	0	0.862385321100917	0	0	0	1	0	0	0
E3.15.Dip.heli.3.20150121.T	0	0	0	0	0	1	0	0	0
E3.15.Dip.heli.3.20150123.M	0	0	0	0	0	1	0	0	0
E3.15.Dip.heli.3.20150123.S	0	0	0	0	0	1	0	0	0
E3.15.Dip.heli.3.20150123.T	0	0	0	1	0	1	0	0	0
E3.15.Dip.heli.4.20150105.T	0	0	0	0	0	0	1	0	0
E3.15.Dip.heli.4.20150106.S	0	0	0	0	0	1	0	0	0
E3.15.Dip.heli.4.20150106.T	0	1	0	0	0	1	0	0	0
E3.17.Ech.horr.1.20150123.S	0	0	0	0	0	1	0	0	0
E3.17.Ech.mamm.1.20150123.M	0	0	0	0	0	1	0	0	0
E3.17.Ech.mamm.1.20150123.S	1	0	0	0	0	1	0	0	0
E3.17.Ech.mamm.1.20150123.T	0.531709976376522	0.0828638924223151	0	0.145011811739051	0	0.457932037070689	0.542067962929311	0	0
E3.17.Ech.mamm.1.20150129.M	0	0	0	0	0	1	0	0	0
E3.19.Sym.sp.1.20150127.M	1	0	0	0	0	1	0	0	0
E3.19.Sym.sp.2.20150125.M	0	0	0	0	0	1	0	0	0
E3.19.Sym.sp.2.20150125.S	0	0	0	0	0	1	0	0	0
E3.2.Tur.reni.1.20150124.M	0.284916201117318	0	0	0	0	0.715083798882682	0.284916201117318	0	0
E3.2.Tur.reni.1.20150127.S	0	1	0	0	0	0	1	0	0
E3.2.Tur.reni.1.20150127.T	1	0	0	0	0	1	0	0	0
E3.2.Tur.reni.2.20150124.M	0	0	0	0	0	1	0	0	0
E3.4.Pac.rugo.1.20150127.M	0.45703125	0.01953125	0	0	0	1	0	0	0
E3.4.Pac.rugo.1.20150127.S	0.663278271918678	0	0	0	0	0.663278271918678	0.336721728081322	0	0
E3.4.Pac.rugo.1.20150127.T	0	0	0	0	0	1	0	0	0
E3.4.Pac.rugo.1.20150128.S	0.436260623229462	0.390934844192635	0	0	0	0	1	0	0
E3.4.Pac.spec.1.20150128.M	0	0	0	0	0	1	0	0	0
E3.4.Pac.spec.1.20150129.M	0	0	0	0	0	1	0	0	0
E3.5.Gal.astr.1.20150124.T	0	1	0	0	0	0	1	0	0
E3.5.Gal.astr.2.20150124.M	1	0	0	0	0	1	0	0	0
E3.5.Gal.astr.2.20150124.T	1	0	0	0	0	1	0	0	0
E3.5.Gal.astr.2.20150127.M	0	0	0	0.146666666666667	0	1	0	0	0
E3.6.Acr.hyac.1.20150106.M	1	0	0	0	0	0	1	0	0
E3.6.Acr.hyac.1.20150106.S	0.755905511811024	0.244094488188976	0	0	0	0.755905511811024	0.244094488188976	0	0
E3.6.Acr.hyac.1.20150106.T	0	1	0	0	0	1	0	0	0
E3.6.Acr.hyac.1.20150118.M	1	0	0	0	0	1	0	0	0
E3.6.Acr.hyac.1.20150118.S	0	0	0	0	0	0	1	0	0
E3.6.Acr.hyac.1.20150121.S	0.726315789473684	0.273684210526316	0	0	0	1	0	0	0
E3.6.Acr.hyac.1.20150123.M	0	0	0	0	0	1	0	0	0
E3.6.Acr.hyac.1.20150123.S	1	0	0	0	0	0.438311688311688	0.561688311688312	0	0
E3.6.Acr.hyac.1.20150123.T	1	0	0	0	0	1	0	0	0
E3.6.Acr.hyac.2.20150105.M	0	0	0	1	0	0	1	0	0
E3.6.Acr.hyac.2.20150105.S	0.52375296912114	0.201900237529691	0	0.274346793349169	0	0	1	0	0
E3.6.Acr.hyac.2.20150105.T	1	0	0	0	0	1	0	0	0
E3.6.Acr.hyac.2.20150106.M	0	0	0	0.5	0.5	1	0	0.5	0.5
E3.6.Acr.hyac.2.20150106.S	0	0	0	1	0	1	0	0	0
E3.6.Acr.hyac.2.20150120.M	0	0	0	0	0	1	0	0	0
E3.6.Acr.hyac.2.20150120.S	0.64804469273743	0.2756052141527	0	0.0763500931098696	0	0.92364990689013	0.0763500931098696	0	0
E3.6.Acr.hyac.2.20150121.S	0.072680077871512	0.0960415314730694	0	0	0	1	0	0	0
E3.6.Acr.hyac.2.20150123.M	0.202453987730061	0	0	0	0	1	0	0	0
E3.6.Acr.hyac.2.20150123.S	0.848214285714286	0	0	0.151785714285714	0	0.848214285714286	0.151785714285714	0	0
E3.6.Acr.hyac.2.20150123.T	1	0	0	0	0	0	1	0	0
E3.6.Acr.hyac.3.20150105.M	0	0	0	0	0	1	0	0	0
E3.6.Acr.hyac.3.20150105.S	0	0	0	0	0	0	1	0	0
E3.6.Acr.hyac.3.20150121.T	0	1	0	0	0	1	0	0	0
E3.6.Acr.hyac.3.20150123.M	0.0823529411764706	0	0	0	0	1	0	0	0
E3.6.Acr.hyac.3.20150123.S	0	0	0	0	0	0	1	0	0
E3.6.Acr.hyac.3.20150123.T	1	0	0	0	0	1	0	0	0
E3.6.Acr.hyac.4.20150105.M	1	0	0	0	0	0	1	0	0
E3.6.Acr.hyac.4.20150105.S	0	1	0	0	0	0	1	0	0
E3.7.Pav.vari.2.20150124.M	0	0	0	0	0	1	0	0	0
E3.Out.Pal.caes.1.20150125.M	0	0	0	0	0	1	0	0	0
E7.10.Poc.dami.1.20150621.M	0.878048780487805	0	0	0.121951219512195	0	0.579268292682927	0.420731707317073	0	0
E7.10.Poc.dami.1.20150621.S	1	0	0	0	0	0	1	0	0
E7.10.Poc.dami.2.20150621.M	0	0.625	0	0.375	0	0.375	0.625	0	0
E7.10.Poc.dami.2.20150621.S	1	0	0	0	0	0	1	0	0
E7.10.Poc.dami.3.20150621.S	0.91497975708502	0.0404858299595142	0	0	0	0.692307692307692	0.307692307692308	0	0
E7.10.Ser.cali.2.20150622.M	0	0	0	0	0	1	0	0	0
E7.17.Cyp.micr.1.20150621.M	0	1	0	0	0	1	0	0	0
E7.17.Cyp.micr.1.20150621.S	1	0	0	0	0	0.47887323943662	0.52112676056338	0	0
E7.17.Ech.lame.1.20150620.M	0	1	0	0	0	1	0	0	0
E7.17.Ech.lame.1.20150620.S	1	0	0	0	0	1	0	0	0
E7.17.Ech.lame.2.20150620.S	1	0	0	0	0	1	0	0	0
E7.17.Ech.lame.3.20150620.M	0.84375	0	0	0	0	1	0	0	0
E7.17.Ech.lame.3.20150620.T	0	0.482084690553746	0	0	0	1	0	0	0
E7.17.Fav.abdi.1.20150623.S	1	0	0	0	0	1	0	0	0
E7.17.Fav.abdi.2.20150623.M	1	0	0	0	0	1	0	0	0
E7.17.Fav.spA.1.20150623.M	0	0	0.543720190779014	1	0	1	0	0.543720190779014	0.543720190779014
E7.17.Fav.spA.1.20150623.T	0	0	0	0	0	1	0	0	0
E7.17.Fav.spA.2.20150623.S	1	0	0	0	0	0	1	0	0
E7.17.Fav.spB.1.20150623.M	0	0.258608573436402	0	0.305692199578356	0	0.564300773014758	0.435699226985242	0	0
E7.17.Gon.edwa.1.20150623.M	0	0	0	0.470149253731343	0	0	1	0	0
E7.17.Hyd.exce.1.20150620.S	0.479166666666667	0.520833333333333	0	0	0	1	0	0	0
E7.17.Hyd.exce.1.20150620.T	1	0	0	0	0	1	0	0	0
E7.17.Hyd.exes.2.20150622.S	1	0	0	0	0	1	0	0	0
E7.17.Hyd.exes.2.20150622.T	1	0	0	0	0	1	0	0	0
E7.17.Mer.ampl.3.20150621.M	0.48	0.52	0	0	0	1	0	0	0
E7.17.Pla.sine.1.20150622.T	1	0	0	0	0	1	0	0	0
E7.17.Pla.sine.2.20150622.S	1	0	0	0	0	1	0	0	0
E7.17.Pla.sine.2.20150622.T	1	0	0	0	0	1	0	0	0
E7.17.Pla.sine.3.20150622.T	1	0	0	0	0	1	0	0	0
E7.19.Lob.hemp.1.20150619.M	0	0	0	0	0	1	0	0	0
E7.19.Lob.hemp.1.20150619.T	0	0	0	0	0	1	0	0	0
E7.19.Lob.hemp.1.20150621.M	0	0.181818181818182	0	0	0	0.181818181818182	0.818181818181818	0	0
E7.19.Lob.hemp.1.20150621.S	1	0	0	0	0	0	1	0	0
E7.3.Por.loba.2.20150619.M	0	0	0.473118279569892	1	0	1	0	0.473118279569892	0.473118279569892
E7.3.Por.loba.4.20150619.M	0	0	1	1	0	1	0	1	1
E7.3.Por.loba.4.20150619.S	0	0	0	0	0	1	0	0	0
E7.5.Gal.astr.1.20150622.M	1	0	0	0	0	0	1	0	0
E7.5.Gal.fasc.1.20150621.S	0	0	0	0	0	1	0	0	0
E7.5.Gal.fasc.1.20150622.T	1	0	0	0	0	1	0	0	0
E7.6.Acr.hyac.1.20150622.M	0	0	0	1	0	1	0	0	0
E7.6.Acr.hyac.1.20150622.S	0.36	0	0	0.64	0	0	1	0	0
E7.6.Acr.hyac.2.20150622.M	0	0	0	0	0	1	0	0	0
E7.6.Acr.hyac.2.20150622.S	0	0.440559440559441	0	0.55944055944056	0	0.55944055944056	0.440559440559441	0	0
E7.6.Acr.hyac.2.20150622.T	1	0	0	0	0	1	0	0	0
E7.6.Mon.aequ.1.20150620.M	0.745945945945946	0	0	0	0	0.745945945945946	0.254054054054054	0	0
E7.6.Mon.aequ.1.20150620.S	1	0	0	0	0	0.919540229885057	0.0804597701149425	0	0
E7.6.Mon.aequ.1.20150620.T	0	1	0	0	0	1	0	0	0
E7.6.Mon.aequ.3.20150620.M	0	0.624765478424015	0	0.375234521575985	0	1	0	0	0
E7.6.Mon.aequ.3.20150620.S	0.739583333333333	0	0	0.260416666666667	0	1	0	0	0
E7.6.Mon.aequ.4.20150620.M	0	0	0.593186372745491	1	0	1	0	0	0
E7.6.Mon.aequ.4.20150620.S	0.945409429280397	0	0	0.054590570719603	0	1	0	0	0
E7.7.Pav.vari.1.20150623.T	0	0.5625	0	0	0	1	0	0	0
Negative.Control.4	1	0	0	0	0	1	0	0	0
10-C120-T	0	1	0	0	0	0	1	0	0
116-C161-S	1	0	0	0	0	1	0	0	0
117-PC1-M	1	0	0	0	0	1	0	0	0
118-PC1-S	0.533632286995516	0.31390134529148	0	0	0	0.68609865470852	0.31390134529148	0	0
120-PC2-M	1	0	0	0	0	1	0	0	0
123-PC3-M	1	0	0	0	0	1	0	0	0
124-PC3-S	0.774774774774775	0	0	0	0	1	0	0	0
125-PC3-T	0.645390070921986	0	0	0	0	1	0	0	0
1256-010-C120-S	0	1	0	0	0	0	1	0	0
1256-011-C120-T	0	1	0	0	0	0	1	0	0
1256-014-C121-T	0	1	0	0	0	0	1	0	0
1256-016-C122-S	1	0	0	0	0	1	0	0	0
1256-018-C122-T	0	1	0	0	0	1	0	0	0
1256-019-C123-M	1	0	0	0	0	1	0	0	0
1256-020-C123-S	0	1	0	0	0	1	0	0	0
1256-024-C127-T	0	0	0	1	0	1	0	0	0
1256-025-C128-M	1	0	0	0	0	1	0	0	0
1256-027-C128-T	0	0	0	0	0	1	0	0	0
1256-028-C129-M	0	1	0	0	0	0	1	0	0
1256-034-Control	1	0	0	0	0	1	0	0	0
1256-035-C133-S	0	0.449760765550239	0	0	0	0.550239234449761	0.449760765550239	0	0
1256-036-C133-T	0.595647193585338	0	0	0.0320733104238259	0	0.833906071019473	0.166093928980527	0	0
1256-042-C143-T	1	0	0	0	0	1	0	0	0
1256-044-C144-S	0	1	0	0	0	1	0	0	0
1256-045-C144-T	1	0	0	0	0	1	0	0	0
1256-046-C145-M	1	0	0	0	0	1	0	0	0
1256-047-C145-S	0	1	0	0	0	1	0	0	0
1256-048-C145-T	0.494845360824742	0.505154639175258	0	0	0	1	0	0	0
1256-055-C149-T	0	0.2	0	0	0	0.8	0.2	0	0
1256-057-C150-S	1	0	0	0	0	1	0	0	0
1256-060-C151-S	1	0	0	0	0	1	0	0	0
1256-061-C151-T	1	0	0	0	0	1	0	0	0
1256-063-C152-S	0	0	0	0	0	1	0	0	0
1256-064-C153-M	0	0.494117647058824	0	0	0	1	0	0	0
1256-065-C153-S	1	0	0	0	0	0	1	0	0
1256-067-Control	1	0	0	0	0	1	0	0	0
1256-068-C327-M	1	0	0	0	0	1	0	0	0
1256-069-C327-S	0	0	0	0	0	1	0	0	0
1256-070-C327-T	1	0	0	0	0	1	0	0	0
1256-071-C328-M	0.480345443716498	0	0	0	0	0.766229898749256	0.233770101250744	0	0
1256-073-C328-T	1	0	0	0	0	1	0	0	0
1256-074-C369-T	0.0777251184834123	0.04739336492891	0	0	0	0.0777251184834123	0.922274881516588	0	0
1256-075-C370-T	0	0	0	0	0	1	0	0	0
1256-076-C371-T	1	0	0	0	0	1	0	0	0
1256-077-C372-T	1	0	0	0	0	1	0	0	0
1256-078-C373-T	1	0	0	0	0	1	0	0	0
1256-079-C386-T	1	0	0	0	0	1	0	0	0
1256-080-C435-T	1	0	0	0	0	0.700294792007861	0.299705207992139	0	0
1256-081-C436-T	1	0	0	0	0	1	0	0	0
1256-082-C437-T	1	0	0	0	0	1	0	0	0
1256-083-C115-H	1	0	0	0	0	1	0	0	0
1256-084-Control	1	0	0	0	0	1	0	0	0
1256-085-C410-H	1	0	0	0	0	1	0	0	0
1256-086-C416-H	1	0	0	0	0	1	0	0	0
1256-087-C417-H	1	0	0	0	0	1	0	0	0
1256-088-C419-H	1	0	0	0	0	1	0	0	0
1256-089-C423-H	1	0	0	0	0	1	0	0	0
1256-095-SING11-T	1	0	0	0	0	1	0	0	0
1256-096-SING12-T	0.815190607334396	0	0	0	0	0.815190607334396	0.184809392665604	0	0
1256-097-SING13-T	1	0	0	0	0	1	0	0	0
1256-098-SING09-T	1	0	0	0	0	1	0	0	0
1256-099-SING14-T	1	0	0	0	0	1	0	0	0
1256-100-BLANK	1	0	0	0	0	1	0	0	0
1256-101-PW164-M	0.830827067669173	0.169172932330827	0	0	0	0.830827067669173	0.169172932330827	0	0
1256-102-PW164-S	0	1	0	0	0	0	1	0	0
1256-103-PW164-T	1	0	0	0	0	1	0	0	0
1256-104-PW165-M	0.889027172785729	0.110972827214271	0	0	0	0.889027172785729	0.110972827214271	0	0
1256-105-PW165-S	1	0	0	0	0	1	0	0	0
1256-106-PW165-T	0.80188679245283	0.19811320754717	0	0	0	0.235849056603774	0.764150943396226	0	0
1256-107-PW166-M	1	0	0	0	0	1	0	0	0
1256-109-PW166-T	0.424778761061947	0.575221238938053	0	0	0	1	0	0	0
1256-110-PW167-M	0.677543186180422	0	0	0	0	1	0	0	0
1256-113-PW168-M	0.830906528886801	0.169093471113199	0	0	0	0.830906528886801	0.169093471113199	0	0
1256-116-PW169-M	0.874725963044159	0.125274036955841	0	0	0	0.874725963044159	0.125274036955841	0	0
1256-117-Control	1	0	0	0	0	1	0	0	0
1256-119-PW169-T	0	0	0	1	0	1	0	0	0
1256-120-PW170-M	1	0	0	0	0	1	0	0	0
1256-123-PW171-M	1	0	0	0	0	1	0	0	0
1256-124-PW171-S	1	0	0	0	0	1	0	0	0
1256-126-PW172-M	1	0	0	0	0	1	0	0	0
1256-127-PW172-S	1	0	0	0	0	1	0	0	0
1256-129-PW174-M	1	0	0	0	0	1	0	0	0
1256-130-PW174-S	1	0	0	0	0	1	0	0	0
1256-131-PW174-T	1	0	0	0	0	1	0	0	0
1256-132-PW175-M	1	0	0	0	0	1	0	0	0
1256-133-Control	1	0	0	0	0	1	0	0	0
1256-134-PW176-M	1	0	0	0	0	1	0	0	0
1256-135-PW176-S	1	0	0	0	0	1	0	0	0
1256-137-PW177-M	1	0	0	0	0	1	0	0	0
1256-138-PW177-S	1	0	0	0	0	1	0	0	0
1256-139-PW177-T	0.958823529411765	0	0	0	0	1	0	0	0
1256-140-PW178-M	1	0	0	0	0	1	0	0	0
1256-142-PW178-T	0.942622950819672	0	0	0	0	1	0	0	0
1256-143-PW181-M	1	0	0	0	0	1	0	0	0
1256-144-PW181-S	0	1	0	0	0	1	0	0	0
1256-145-PW182-M	1	0	0	0	0	1	0	0	0
1256-147-PW182-T	0.326409495548961	0.56973293768546	0	0	0	1	0	0	0
1256-148-PW183-M	1	0	0	0	0	1	0	0	0
1256-149-PW183-S	0.482191780821918	0.517808219178082	0	0	0	1	0	0	0
1256-150-Control	1	0	0	0	0	1	0	0	0
1256-151-PW183-T	1	0	0	0	0	1	0	0	0
1256-152-PW185-M	1	0	0	0	0	1	0	0	0
1256-153-PW185-S	0	0	0	0	0	1	0	0	0
1256-155-PW186-M	1	0	0	0	0	0.775581824898412	0.224418175101588	0	0
1256-156-PW186-S	1	0	0	0	0	0.776119402985075	0.223880597014925	0	0
1256-157-PW186-T	0.851788756388416	0	0	0.0459965928449744	0	1	0	0	0
1256-158-PW187-M	1	0	0	0	0	1	0	0	0
1256-161-PW190-M	1	0	0	0	0	1	0	0	0
1256-162-PW190-S	1	0	0	0	0	1	0	0	0
1256-163-PW191-M	1	0	0	0	0	1	0	0	0
1256-165-PW192-M	1	0	0	0	0	1	0	0	0
1256-166-BLANK	1	0	0	0	0	1	0	0	0
1256-168-PW192-T	0.608294930875576	0	0	0.391705069124424	0	0.792626728110599	0.207373271889401	0	0
1256-169-PW193-M	1	0	0	0	0	1	0	0	0
1256-171-PW193-T	0	0	0	0	0	1	0	0	0
1256-172-PW194-M	1	0	0	0	0	1	0	0	0
1256-173-PW194-S	0.562264150943396	0.256603773584906	0	0	0	1	0	0	0
1256-175-PW195-M	1	0	0	0	0	1	0	0	0
1256-176-PW195-S	1	0	0	0	0	1	0	0	0
1256-179-PW197-S	1	0	0	0	0	1	0	0	0
1256-185-PW199-M	1	0	0	0	0	1	0	0	0
1256-190-PW202-M	1	0	0	0	0	1	0	0	0
1256-191-PW202-S	1	0	0	0	0	1	0	0	0
1256-193-PW203-M	1	0	0	0	0	1	0	0	0
1256-196-PW204-M	1	0	0	0	0	1	0	0	0
1256-198-control	1	0	0	0	0	1	0	0	0
1256-199-HI4-T	1	0	0	0	0	1	0	0	0
1256-200-HI6-M	1	0	0	0	0	1	0	0	0
1256-201-HI6-S	0.782608695652174	0.217391304347826	0	0	0	1	0	0	0
1256-202-HI6-T	0.735294117647059	0	0	0	0	1	0	0	0
1256-203-HI7-M	1	0	0	0	0	1	0	0	0
1256-204-HI7-S	1	0	0	0	0	1	0	0	0
1256-205-HI7-T	1	0	0	0	0	1	0	0	0
1256-206-HI8-M	1	0	0	0	0	1	0	0	0
1256-207-HI8-S	1	0	0	0	0	1	0	0	0
1256-208-HI8-T	1	0	0	0	0	1	0	0	0
1256-209-HI10-M	1	0	0	0	0	1	0	0	0
1256-210-HI10-S	1	0	0	0	0	1	0	0	0
1256-211-HI10-T	1	0	0	0	0	1	0	0	0
1256-212-HI57-M	1	0	0	0	0	1	0	0	0
1256-213-HI57-S	0	1	0	0	0	1	0	0	0
1256-215-Control	1	0	0	0	0	1	0	0	0
1256-216-HI58-M	1	0	0	0	0	1	0	0	0
1256-217-HI58-S	1	0	0	0	0	0	1	0	0
1256-218-HI58-T	1	0	0	0	0	1	0	0	0
1256-219-HI59-M	1	0	0	0	0	1	0	0	0
1256-221-HI59-T	1	0	0	0	0	1	0	0	0
1256-222-HI60-M	0.203583061889251	0	0	0.796416938110749	0	1	0	0	0
1256-225-HI61-M	1	0	0	0	0	1	0	0	0
1256-226-HI61-S	0	0	0	0	0	1	0	0	0
1256-227-HI61-T	0	0	0	0	0	1	0	0	0
1256-228-HI62-M	1	0	0	0	0	1	0	0	0
1256-229-HI62-S	0.434237995824635	0.204592901878914	0	0.00626304801670146	0	0.993736951983299	0.00626304801670146	0	0
1256-231-Control	1	0	0	0	0	1	0	0	0
1256-232-HI63-M	1	0	0	0	0	1	0	0	0
1256-236-HI64-S	1	0	0	0	0	1	0	0	0
1256-238-HI65-M	1	0	0	0	0	1	0	0	0
1256-239-HI65-S	0.6375	0	0	0	0	0.3625	0.6375	0	0
1256-240-HI65-T	0.508196721311475	0	0	0.0491803278688525	0	1	0	0	0
1256-241-HI66-M	1	0	0	0	0	1	0	0	0
1256-247-HI68-M	1	0	0	0	0	1	0	0	0
1256-248-Control	1	0	0	0	0	1	0	0	0
1256-249-HI68-S	1	0	0	0	0	1	0	0	0
1256-251-HI69-M	0.688202247191011	0	0	0	0	0.688202247191011	0.311797752808989	0	0
1256-253-HI69-T	1	0	0	0	0	1	0	0	0
1256-254-HI70-M	0.319943622269204	0	0	0	0	0.630021141649049	0.369978858350951	0	0
1256-255-HI70-S	0	1	0	0	0	0	1	0	0
1256-259-HIB-M	1	0	0	0	0	1	0	0	0
1256-260-HIB-S	1	0	0	0	0	1	0	0	0
1256-262-HICM	1	0	0	0	0	1	0	0	0
1256-263-HICS	0	0	0	0	0	1	0	0	0
1256-264-Control	1	0	0	0	0	1	0	0	0
1256-267-HID-T	0	1	0	0	0	0	1	0	0
1256-269-HIE-M	1	0	0	0	0	1	0	0	0
1256-273-P2-T	0.318421566712249	0.681578433287751	0	0	0	1	0	0	0
1256-274-P5-M	1	0	0	0	0	1	0	0	0
1256-276-P5-T	0	0	0	0	0	1	0	0	0
1256-278-HIPAL-S	1	0	0	0	0	1	0	0	0
1256-279-HISED-1	1	0	0	0	0	1	0	0	0
1256-282-P1-S	0	0	0	0	0	1	0	0	0
1256-283-P1-T	1	0	0	0	0	1	0	0	0
1256-285-P6-M	1	0	0	0	0	1	0	0	0
1256-286-P6-S	1	0	0	0	0	1	0	0	0
1256-287-P6-T	1	0	0	0	0	1	0	0	0
1256-288-P7-M	1	0	0	0	0	1	0	0	0
1256-289-P7-S	1	0	0	0	0	1	0	0	0
1256-290-P7-T	0.800865800865801	0	0	0.199134199134199	0	1	0	0	0
1256-291-P8-M	1	0	0	0	0	1	0	0	0
1256-293-P8-T	1	0	0	0	0	1	0	0	0
1256-295-Control	1	0	0	0	0	1	0	0	0
1256-296-P11-S	0	0	0	0	0	1	0	0	0
1256-302-P15-M	1	0	0	0	0	1	0	0	0
1256-303-P479-M	1	0	0	0	0	1	0	0	0
1256-305-P480-M	0	1	0	0	0	1	0	0	0
1256-307-P481-M	0	1	0	0	0	1	0	0	0
1256-309-P482-M	0	0	0	0	0	1	0	0	0
1256-311-P483-M	1	0	0	0	0	1	0	0	0
1256-312-P483-T	1	0	0	0	0	1	0	0	0
1256-315-P485-M	0	0	0	0	0	1	0	0	0
1256-316-P485-T	1	0	0	0	0	1	0	0	0
1256-319-P486-M	1	0	0	0	0	1	0	0	0
1256-321-P489-M	1	0	0	0	0	1	0	0	0
1256-322-P489-T	0	1	0	0	0	1	0	0	0
1256-325-P493-T	1	0	0	0	0	1	0	0	0
1256-326-P494-M	1	0	0	0	0	1	0	0	0
1256-329-P496-T	0.991735537190083	0	0	0	0	1	0	0	0
1256-330-P497-M	1	0	0	0	0	1	0	0	0
1256-331-P497-T	1	0	0	0	0	1	0	0	0
1256-332-P498-M	0.63768115942029	0	0	0.36231884057971	0	0.63768115942029	0.36231884057971	0	0
1256-333-P499-M	0	0	0	1	0	0	1	0	0
1256-337-P502-M	0.638020833333333	0	0	0.361979166666667	0	1	0	0	0
1256-339-P503-T	1	0	0	0	0	0	1	0	0
1256-340-P504-M	1	0	0	0	0	1	0	0	0
1256-342-P507-M	0	0	0	1	0	1	0	0	0
1256-343-P507-T	0.86764705882353	0.132352941176471	0	0	0	1	0	0	0
1256-344-P508-M	1	0	0	0	0	1	0	0	0
1256-346-P509-M	1	0	0	0	0	1	0	0	0
1256-350-P511-M	1	0	0	0	0	1	0	0	0
1256-360-C411-H	1	0	0	0	0	1	0	0	0
1256-362-C173-H	1	0	0	0	0	1	0	0	0
1256-372-KaustA-3-M	1	0	0	0	0	1	0	0	0
1256-374-KaustA-3-T	1	0	0	0	0	1	0	0	0
126-PC4-M	1	0	0	0	0	1	0	0	0
130-PC5-T	1	0	0	0	0	1	0	0	0
131-PC6-S	0.277777777777778	0	0	0	0	1	0	0	0
133-PC6-M	1	0	0	0	0	1	0	0	0
136-PC7-M	1	0	0	0	0	1	0	0	0
138-PC8-T	1	0	0	0	0	1	0	0	0
140-PC5-M	0.770700636942675	0	0	0.229299363057325	0	0.770700636942675	0.229299363057325	0	0
141-PC9-S	1	0	0	0	0	1	0	0	0
142-PC9-T	0.630914826498423	0.369085173501577	0	0	0	1	0	0	0
144-PC10-S	0	0	0	0	0	1	0	0	0
146-PC10-T	1	0	0	0	0	1	0	0	0
149-PC11-T	1	0	0	0	0	1	0	0	0
153-PC12-M	1	0	0	0	0	1	0	0	0
155-PC13-T	1	0	0	0	0	1	0	0	0
161-PC18-M	1	0	0	0	0	1	0	0	0
168-PC16-M	1	0	0	0	0	1	0	0	0
171-PC21-T	0	0	0	0	0	1	0	0	0
172-PC21-M	0	0	0	0	0	1	0	0	0
174-PC22-M	1	0	0	0	0	1	0	0	0
177-PC24-M	0.686363636363636	0.313636363636364	0	0	0	1	0	0	0
178-PC24-T	1	0	0	0	0	1	0	0	0
179-PC25-T	0	1	0	0	0	1	0	0	0
180-PC25-M	0	0	0	1	0	0	1	0	0
199-PC22-S	1	0	0	0	0	1	0	0	0
201-PC26-T	1	0	0	0	0	1	0	0	0
202-PC27-M	1	0	0	0	0	1	0	0	0
203-PC27-T	1	0	0	0	0	1	0	0	0
204-PC28-M	0.671328671328671	0.328671328671329	0	0	0	1	0	0	0
205-PC28-T	0.612141652613828	0.387858347386172	0	0	0	1	0	0	0
207-PC29-T	0.289473684210526	0.605263157894737	0	0	0	0.881578947368421	0.118421052631579	0	0
209-PC30-T	0	1	0	0	0	1	0	0	0
210-PC39-T	1	0	0	0	0	1	0	0	0
213-PC32-M	0.410526315789474	0.589473684210526	0	0	0	1	0	0	0
216-PC35-M	1	0	0	0	0	0	1	0	0
219-PC38-M	0.204357625845229	0	0	0.245679939894816	0	0.754320060105184	0.245679939894816	0	0
220-PC39-M	0.493550196298373	0.0437464946719013	0	0.281828379136287	0	0.718171620863713	0.281828379136287	0	0
221-PC41-T	0	0	0	0	0	1	0	0	0
227-PC50-T	1	0	0	0	0	1	0	0	0
235-C318-S	0	1	0	0	0	0	1	0	0
238-C319-S	0	1	0	0	0	0	1	0	0
239-C319-T	1	0	0	0	0	1	0	0	0
242-C320-S	0	1	0	0	0	0	1	0	0
243-C320-T	0	1	0	0	0	0	1	0	0
262-C329-T	0.527272727272727	0.472727272727273	0	0	0	1	0	0	0
264-C330-S	1	0	0	0	0	0	1	0	0
272-C333-M	0.75031525851198	0.24968474148802	0	0	0	1	0	0	0
276-C334-S	0.317460317460317	0	0	0	0	0.317460317460317	0.682539682539683	0	0
277-C334-T	0	0	0	0	0	1	0	0	0
279-C335-S	1	0	0	0	0	1	0	0	0
283-C336-T	1	0	0	0	0	0.726027397260274	0.273972602739726	0	0
290-C337-S	1	0	0	0	0	1	0	0	0
295-C339-M	1	0	0	0	0	0.407407407407407	0.592592592592593	0	0
302-C345-T	0	0	0	0	0	0	1	0	0
304-C347-T	0.251968503937008	0	0	0	0	0.748031496062992	0.251968503937008	0	0
306-C349-T	0	0.562770562770563	0	0	0	0.913419913419913	0.0865800865800866	0	0
307-C350-T	0	0.683823529411765	0	0	0	0.316176470588235	0.683823529411765	0	0
312-C365-T	0	1	0	0	0	0	1	0	0
316-C369-T	0	0	0	0	0	0	1	0	0
323-C376-T	0	1	0	0	0	1	0	0	0
327-C380-T	0	0	0	1	0	1	0	0	0
336-C389-T	0	1	0	0	0	1	0	0	0
338-C390-T	1	0	0	0	0	1	0	0	0
352-C404-T	0.293537787513691	0	0	0	0	1	0	0	0
353-C405-T	0	0	0	1	0	0	1	0	0
360-C427-T	0	0	0	0	0	1	0	0	0
369-C428-T	0.4	0	0	0.6	0	1	0	0	0
371-C430-T	0	0	0	0	0	1	0	0	0
373-C432-T	1	0	0	0	0	1	0	0	0
374-C433-T	0	0.363636363636364	0	0	0	0.878787878787879	0.121212121212121	0	0
375-C434-T	0	0	0	0	0	0	1	0	0
378-C437-T	1	0	0	0	0	1	0	0	0
379-C439-M	1	0	0	0	0	0	1	0	0
380-C439-S	0	1	0	0	0	1	0	0	0
381-C439-T	0	1	0	0	0	1	0	0	0
382-C440-M	1	0	0	0	0	0	1	0	0
384-C440-T	0	1	0	0	0	1	0	0	0
385-C441-M	0	1	0	0	0	0	1	0	0
388-C442-M	1	0	0	0	0	0	1	0	0
389-C442-S	1	0	0	0	0	1	0	0	0
391-C443-M	0	0	0	1	0	0	1	0	0
396-V-SW3	1	0	0	0	0	1	0	0	0
400-V-DW2	1	0	0	0	0	1	0	0	0
403-V-DW5	1	0	0	0	0	1	0	0	0
408-R-SW2	1	0	0	0	0	1	0	0	0
411-R-SW5	1	0	0	0	0	1	0	0	0
413-R-DW2	1	0	0	0	0	1	0	0	0
55-C143-T	0	1	0	0	0	1	0	0	0
57-C144-S	0	1	0	0	0	0.503311258278146	0.496688741721854	0	0
60-C145-S	0	1	0	0	0	1	0	0	0
61-C145-T	0	1	0	0	0	1	0	0	0
62-C146-M	0	0	0	0	0	1	0	0	0
63-C146-S	0	1	0	0	0	1	0	0	0
67-C147-S	0	1	0	0	0	0.519083969465649	0.480916030534351	0	0
88-C156-S	1	0	0	0	0	1	0	0	0
