	M00175_Nitrogen_fixation_nitrogen_ammonia_	M00176_Sulfur_reduction_sulfate_H2S_	M00453_QseC_QseB_quorum_sensing_two_component_regulatory_system_	M00506_CheA_CheYBV_chemotaxis_two_component_regulatory_system_	M00513_LuxQN_CqsS_LuxU_LuxO_quorum_sensing_two_component_regulatory_system_
1256-001-Control	0	0	0	0	0
1256-004-C118-S	0	0	0	0	0
1256-007-C119-S	0	0	0	0	0
1256-010-C120-S	0	0	0	0	0
1256-011-C120-T	0	0	0	0	0
1256-012-C121-M	0	0	0	0	0
1256-013-C121-S	0	0	0	0	0
1256-014-C121-T	0	0	0	0	0
1256-016-C122-S	0	0	0	0	0
1256-017-BLANK	0	0	0	0	0
1256-018-C122-T	0	0	0	0	0
1256-019-C123-M	0	0	0	0	0
1256-020-C123-S	0	0	0	0	0
1256-021-C123-T	0	0	0	0	0
1256-023-C127-S	0	0	0	0.089585666293393	0
1256-024-C127-T	0	0	0	0	0
1256-030-C129-T	0	0	0	0	0
1256-032-C132-T	0	0	0	0	0
1256-034-Control	0	0	0	0	0
1256-035-C133-S	0	0	0	0	0
1256-036-C133-T	0	0	0	0	0
1256-040-C143-M	0	0	0	0	0
1256-041-C143-S	0	0	0	0	0
1256-042-C143-T	0	0	0	0.0664780763790665	0
1256-043-C144-M	0	0	0	0	0
1256-044-C144-S	0	0	0	0	0
1256-045-C144-T	0	0	0	0.0393754243041412	0
1256-046-C145-M	0	0	0	0	0
1256-047-C145-S	0	0	0	0	0
1256-048-C145-T	0	0	0	0	0
1256-049-C148-M	0	0	0	0.364161849710983	0
1256-052-C148-T	0	0	0	0	0
1256-055-C149-T	0	0	0	0.361858190709046	0
1256-056-C150-M	0	0	0	0	0
1256-059-C151-M	0	0	0	0	0
1256-060-C151-S	0	0	0	0	0
1256-061-C151-T	0	0	0	0	0
1256-062-C152-M	0	0	0	0	0
1256-066-C153-T	0	0	0	0	0
1256-067-Control	0	0	0	0.530386740331492	0
1256-068-C327-M	0	0	0.169742913645353	0.220500988793672	0
1256-069-C327-S	0	0	0	0	0
1256-070-C327-T	0	0	0	0.168245547555892	0
1256-071-C328-M	0	0	0	0.340071343638526	0
1256-072-C328-S	0	0	0	0	0
1256-073-C328-T	0	0	0	0.468421929678387	0
1256-074-C369-T	0	0	0	0.303648489603766	0
1256-075-C370-T	0	0	0	0	0
1256-076-C371-T	0	0	0	0.500344589937974	0
1256-077-C372-T	0	0	0	0.580577793247476	0
1256-078-C373-T	0	0	0	0.688995215311005	0
1256-079-C386-T	0	0	0	0.18218879595136	0
1256-080-C435-T	0	0	0	0.200719881431294	0
1256-081-C436-T	0	0	0.400112312227994	0.444756422855538	0
1256-082-C437-T	0	0	0	0.408740359897172	0
1256-083-C115-H	0	0	0	0	0
1256-084-Control	0	0	0	0	0
1256-085-C410-H	0	0	0	0.233716475095785	0
1256-088-C419-H	0	0	0	0	0
1256-095-SING11-T	0	0	0	0.39338588732936	0
1256-096-SING12-T	0	0	0	0.387692307692308	0
1256-097-SING13-T	0	0	0	0.152091254752852	0
1256-098-SING09-T	0	0	0	0	0
1256-099-SING14-T	0	0	0	0.402467232074017	0
1256-100-BLANK	0	0	0	0.319826338639653	0
1256-101-PW164-M	0	0	0	0.457643781746682	0
1256-102-PW164-S	0	0	0	0	0
1256-103-PW164-T	0	0	0	0.383744170552965	0
1256-104-PW165-M	0	0	0	0.567583613694835	0
1256-105-PW165-S	0	0	0	0.252269469660774	0
1256-106-PW165-T	0	0	0	0	0
1256-107-PW166-M	0	0	0	0.242709313264346	0
1256-109-PW166-T	0	0	0	0	0
1256-110-PW167-M	0	0	0	0.53538862353452	0
1256-113-PW168-M	0	0	0	0.659231722428749	0
1256-114-PW168-S	0	0	0	0	0
1256-115-PW168-T	0	0	0	0	0
1256-116-PW169-M	0	0	0	0.239043824701195	0
1256-117-Control	0	0	0	1	0
1256-120-PW170-M	0	0	0	0.146212254988522	0
1256-121-PW170-S	0	0	0	0	0
1256-122-PW170-T	0	0	0	0	0
1256-123-PW171-M	0	0	0	0.740484429065744	0
1256-125-PW171-T	0	0	0	0	0
1256-126-PW172-M	0	0	0	0.424778761061947	0
1256-129-PW174-M	0	0	0	0.659949622166247	0
1256-130-PW174-S	0	0	0	0	0
1256-131-PW174-T	0	0	0	0	0
1256-132-PW175-M	0	0	0	0.276606179499755	0
1256-133-Control	0	0	0	0.402449955183747	0
1256-134-PW176-M	0	0	0	0.750911300121507	0
1256-135-PW176-S	0	0	0	1	0
1256-137-PW177-M	0	0	0	0.530011325028313	0
1256-138-PW177-S	0	0	0	0	0
1256-140-PW178-M	0	0	0	0.134146341463415	0
1256-142-PW178-T	0	0	0	0	0
1256-143-PW181-M	0	0	0	0.51348182883939	0
1256-145-PW182-M	0	0	0	0.438502673796791	0
1256-147-PW182-T	0	0	0	0	0
1256-148-PW183-M	0	0	0	0.464475079533404	0
1256-149-PW183-S	0	0	0	0.191522762951334	0
1256-150-Control	0	0	0	1	0
1256-152-PW185-M	0	0	0	0.748700173310225	0
1256-153-PW185-S	0	0	0	0	0
1256-155-PW186-M	0	0	0	0.282655246252677	0
1256-156-PW186-S	0	0	0	0.081076663215823	0
1256-157-PW186-T	0	0	0	0	0
1256-158-PW187-M	0	0	0	0.764851485148515	0
1256-161-PW190-M	0	0	0	0	0
1256-162-PW190-S	0	0	0	0.48051948051948	0
1256-163-PW191-M	0	0	0	0.133168927250308	0
1256-165-PW192-M	0	0	0	0	0
1256-166-BLANK	0	0	0	0.569666684386795	0
1256-167-PW192-S	0	0	0	0	0
1256-168-PW192-T	0	0	0	0.30379746835443	0
1256-169-PW193-M	0	0	0	0.415512465373961	0
1256-171-PW193-T	0	0	0	0	0
1256-172-PW194-M	0	0	0	0.409231829142267	0
1256-175-PW195-M	0	0	0	0.0755369044680326	0
1256-176-PW195-S	0	0	0	0.143426294820717	0
1256-178-PW197-M	0	0	0	0	0
1256-180-PW197-T	0	0	0	0	0
1256-186-PW199-S	0	0	0	0	0
1256-189-PW201-T	0	0	0	0	0
1256-190-PW202-M	0	0	0	0	0
1256-191-PW202-S	0	0	0	0.612476370510397	0
1256-193-PW203-M	0	0	0	0.428571428571429	0
1256-194-PW203-S	0	0	0	0	0
1256-196-PW204-M	0	0	0	0.348739495798319	0
1256-197-PW204-S	0	0	0	0	0
1256-198-control	0	0	0	1	0
1256-199-HI4-T	0	0	0	0.556574923547401	0
1256-200-HI6-M	0	0	0	1	0
1256-201-HI6-S	0	0	0	1	0
1256-203-HI7-M	0	0	0	0.742857142857143	0
1256-204-HI7-S	0	0	0	0.200913242009132	0
1256-205-HI7-T	0	0	0	0.257518796992481	0
1256-206-HI8-M	0	0	0	0.24225191924936	0
1256-207-HI8-S	0	0	0	0	0
1256-208-HI8-T	0	0	0	0.279661016949153	0
1256-209-HI10-M	0	0	0	0.0375281461095822	0
1256-210-HI10-S	0	0	0	0.479344486172755	0
1256-211-HI10-T	0	0	0	0.490018148820327	0
1256-212-HI57-M	0	0	0	0.915254237288136	0
1256-213-HI57-S	0	0	0	0.54140127388535	0
1256-214-HI57-T	0	0	0	0	0
1256-215-Control	0	0	0	0.112734864300626	0
1256-216-HI58-M	0	0	0	0.255886272767659	0
1256-217-HI58-S	0	0.231788079470199	0	0	0
1256-218-HI58-T	0	0	0	0	0
1256-219-HI59-M	0	0	0	0.467213114754098	0
1256-221-HI59-T	0	0	0	0.578639026588553	0
1256-222-HI60-M	0	0	0	0	0
1256-223-HI60-S	0	0	0	0.276176024279211	0
1256-225-HI61-M	0	0	0	0.0808181591419307	0
1256-228-HI62-M	0	0	0	0.330049261083744	0
1256-229-HI62-S	0	0	0	0	0
1256-231-Control	0	0	0	0	0
1256-235-HI64-M	0	0	0	0	0
1256-236-HI64-S	0	0	0	0	0
1256-237-HI64-T	0	0	0	0	0
1256-238-HI65-M	0	0	0	0	0
1256-240-HI65-T	0	0	0	0	0
1256-241-HI66-M	0	0	0	0	0
1256-245-HI67-S	0	0	0	0	0
1256-246-HI67-T	0	0	0	0	0
1256-247-HI68-M	0	0	0	0.276989959631508	0
1256-248-Control	0	0	0	0	0
1256-249-HI68-S	0	0	0	0	0
1256-251-HI69-M	0	0	0	0	0
1256-252-HI69-S	0	0	0	0	0
1256-253-HI69-T	0	0	0	1	0
1256-254-HI70-M	0	0	0	0	0
1256-259-HIB-M	0	0	0	0	0
1256-262-HICM	0	0	0	0	0
1256-263-HICS	0	0	0	1	0
1256-264-Control	0	0	0	0	0
1256-267-HID-T	0	0	0	0	0
1256-269-HIE-M	0	0	0	0	0
1256-273-P2-T	0	0	0	0	0
1256-274-P5-M	0	0	0	0	0
1256-276-P5-T	0.260663507109005	0	0	0	0
1256-278-HIPAL-S	0	0	0	0	0
1256-279-HISED-1	0	0	0	0	0
1256-282-P1-S	0	0	0	1	0
1256-286-P6-S	0	0	0	0.454935622317597	0
1256-289-P7-S	0	0	0	0	0
1256-290-P7-T	0	1	1	0	0
1256-291-P8-M	0	0	0	0	0
1256-295-Control	0	0	0	0	0
1256-302-P15-M	0	0	0	0	0
1256-307-P481-M	0	0	0	0	0
1256-313-P484-M	0	0.350180505415162	0	0.350180505415162	0
1256-316-P485-T	0	0	0	0	0
1256-318-P489-M	0	0	0	1	0
1256-319-P486-M	0	0	0	0	0
1256-322-P489-T	0	0	0	0.00392519048718541	0
1256-326-P494-M	0	0	0	0	0
1256-329-P496-T	0	0	1	0	0
1256-331-P497-T	0	0	1	0	0
1256-333-P499-M	0	0	0	0	0
1256-334-P499-T	0	0	0	0	0
1256-337-P502-M	0	0	0	0	0
1256-338-P503-M	0	0	0	0	0
1256-339-P503-T	0	0	0	0	0
1256-340-P504-M	0	0	0	0	0
1256-342-P507-M	0	0	0	0.286602600339175	0
1256-343-P507-T	0	0	0	0	0
1256-344-P508-M	0	0	0	0	0
1256-346-P509-M	0	0	0	1	0
1256-350-P511-M	0	0	0	0	0
1256-351-P511-T	0	0	0	0	0
1256-352-P512-M	0	0	0	0	0
1256-360-C411-H	0	0	0	0	0
1256-363-REU2-M	0	0	0	0.511434511434511	0
1256-364-REU2-S	0	0	0	0	0
1256-371-KaustZ-4-T	0	0	0	0.556521739130435	0
1256-372-KaustA-3-M	0	0	0	0.337349397590361	0
1256-374-KaustA-3-T	0	0	0	0.485294117647059	0
E1.10.Poc.dami.1.20140728.M	0	0	0.0695457094784072	0	0
E1.10.Poc.dami.1.20140731.M	0	0	0	0	0
E1.10.Poc.dami.1.20140731.S	0	0	0	0	0
E1.10.Poc.dami.1.20140905.S	0	0	0	0	0.123931623931624
E1.10.Sty.pist.1.20140807.M	0	0	0	0	0
E1.10.Sty.pist.1.20140807.S	0	0	0	0	0
E1.10.Sty.pist.1.20140807.T	0	0	0	0	0
E1.10.Sty.pist.1.20140815.M	0	0	0	0	0.0301363310212868
E1.10.Sty.pist.1.20140815.S	0	0	0	0	0
E1.10.Sty.pist.1.20140815.T	0	0	0.181013676588898	0	0
E1.11.Fun.sp.1.20140730.M	0	0	0	0	0
E1.11.Fun.sp.1.20140730.T	0	0	0	0	0
E1.11.Fun.sp.1.20140811.M	0	0	0	0	0
E1.11.Fun.sp.1.20140811.S	0	0	0	0	0.131537242472266
E1.11.Lep.tran.1.20140731.M	0	0	0	0	0
E1.11.Lep.tran.1.20140731.S	0	0	0	0	0
E1.11.Lep.tran.1.20140731.T	0	1	1	0	0
E1.11.Psa.digi.1.20140807.M	0	0	0	0	0
E1.11.Psa.digi.1.20140807.S	0	0	0	0	0
E1.14.Phy.lich.1.20140801.M	0	0	0	0	0
E1.14.Phy.lich.1.20140801.S	0	0	0	0	0
E1.14.Phy.lich.1.20140801.T	0	0	0	0	0
E1.14.Phy.lich.1.20140811.M	0	0	0.0967741935483871	0	0
E1.14.Phy.lich.1.20140811.S	0	0	0	0	0
E1.14.Phy.lich.1.20140811.T	0	0	0.17905102954342	0	0
E1.15.Dip.heli.1.20140726.M	0	0	0	0	0
E1.15.Dip.heli.1.20140726.S	0	0	0	0.58408215661104	0
E1.15.Dip.heli.1.20140726.T	0	0.62962962962963	0.62962962962963	0	0
E1.15.Dip.heli.1.20140809.M	0	0	0	0	0
E1.15.Dip.heli.1.20140809.S	0	0	0	0	0
E1.15.Dip.heli.1.20140809.T	0	0.777049180327869	0.777049180327869	0	0
E1.15.Dip.heli.1.20140815.M	0	0	0	0.106776180698152	0
E1.15.Dip.heli.1.20140815.S	0	0	0	0	0
E1.15.Dip.heli.1.20140905.M	0	0.269461077844311	0	0.269461077844311	0.1352204681546
E1.15.Dip.heli.1.20140905.S	0	0	0	0	1
E1.15.Dip.heli.1.20140905.T	0	0	0	0	0.0217391304347826
E1.17.Cau.furc.1.20140801.DS	0	0	0	0	0
E1.17.Cau.furc.1.20140801.T	0	0	0	0	0
E1.17.Ech.lame.1.20140905.M	0	0	0	0	0.022140221402214
E1.17.Ech.lame.1.20140905.S	0	0.092426187419769	0	0.092426187419769	0.0639281129653402
E1.17.Ech.lame.1.20140905.T	0	0.358652046001605	0	0.358652046001605	0.0616207542123562
E1.17.Ech.mamm.1.20140728.M	0	0	0	0	0
E1.17.Ech.mamm.1.20140728.S	0	0	0	0	0
E1.17.Ech.mamm.1.20140728.T	0	0	0	0	0
E1.17.Ech.mamm.1.20140815.M	0	0	0	0	0.105882352941176
E1.17.Ech.mamm.1.20140815.S	0	0	0.108262108262108	0	0
E1.17.Ech.mamm.1.20140815.T	0	0.746102449888641	0.746102449888641	0	0
E1.17.Fav.sp.1.20140805.S	0	0	0	0	0
E1.17.Fav.sp.1.20140805.T	0	0	0	0.235294117647059	0
E1.17.Fav.sp.1.20140811.M	0	0	0	0	0
E1.17.Fav.sp.1.20140811.T	0	0	0	0	0
E1.17.Fav.sp.2.20140805.M	0	0	0	0	0.322033898305085
E1.17.Fav.sp.2.20140805.S	0	0	0	0	0
E1.17.Fav.sp.2.20140805.T	0	0	0	0	0
E1.17.Hyd.exes.1.20140803.M	0	0	0	0	0
E1.17.Hyd.exes.1.20140803.S	0	0	0	0	0
E1.19.Lob.sp.1.20140730.M	0	0	0	0	0.0300820419325433
E1.19.Lob.sp.1.20140730.S	0	0	0	1	0
E1.19.Lob.sp.1.20140730.T	0	0	0	0	0
E1.19.Lob.sp.1.20140809.M	0	0	0	0	0.0323048250155312
E1.19.Lob.sp.1.20140809.S	0	0	0	0	0
E1.19.Lob.sp.1.20140809.T	0	0	0	0	0
E1.19.Sym.sp.1.20140724.M	0	0	0	0.207357859531773	0
E1.19.Sym.sp.1.20140724.S	0	0	0	0.107320304736668	0
E1.19.Sym.sp.1.20140814.M	0	0	0	0	0
E1.19.Sym.sp.1.20140814.S	0	0.171900826446281	0.171900826446281	0	0
E1.19.Sym.sp.1.20140814.T	0	0	0	0	0
E1.19.Sym.sp.1.20140815.M	0	0	0.386836027713626	0	0
E1.19.Sym.sp.1.20140815.S	0	0	0	0.328767123287671	0
E1.19.Sym.sp.1.20140815.T	0	0	0.0173190162798753	0	0
E1.19.Sym.sp.1.20140905.M	0	0	0	0	0.037403122542963
E1.19.Sym.sp.1.20140905.S	0	0	0	0	0.0544871794871795
E1.19.Sym.sp.1.20140905.T	0	0	0	0	0
E1.2.Tur.pelt.1.20140814.M	0	0	0	0	0
E1.2.Tur.pelt.1.20140814.S	0	0.282192669477781	0.282192669477781	0	0
E1.2.Tur.reni.1.20140730.M	0	0	0	0	0
E1.2.Tur.reni.1.20140730.S	0	0	0	0	0
E1.2.Tur.reni.1.20140730.T	0	0	0	0	0
E1.2.Tur.reni.1.20140814.M	0	0	0	0	0
E1.2.Tur.reni.1.20140814.T	0	0.13677811550152	0.13677811550152	0	0
E1.2.Tur.stel.1.20140805.M	0	0.523809523809524	0.523809523809524	0	0
E1.2.Tur.stel.1.20140805.S	0	0	0	0.446475195822454	0
E1.2.Tur.stel.1.20140805.T	0	0	0	0.415415415415415	0
E1.3.Por.cyli.1.20140801.M	0	0	0	0	0
E1.3.Por.cyli.1.20140801.S	0	0	0	0	0
E1.3.Por.cyli.1.20140801.T	0	0	0	0	0
E1.3.Por.cyli.1.20140815.M	0	0	0	0	0
E1.3.Por.cyli.1.20140815.S	0	0	0	0.0603674540682415	0
E1.3.Por.cyli.1.20140815.T	0	0	0	0	0.056672760511883
E1.3.Por.loba.1.20140724.M	0	0	0	0	0.56140350877193
E1.3.Por.loba.1.20140724.S	0	0	0	0	0
E1.3.Por.loba.1.20140724.T	0	0	0	0	0
E1.3.Por.loba.1.20140726.M	0	0	0	0	0
E1.3.Por.loba.1.20140726.S	0	0	0	0	0
E1.3.Por.loba.1.20140726.T	0	0	0	0	0.0496760259179266
E1.3.Por.loba.1.20140905.M	0	0	0	0	0.11631419939577
E1.3.Por.loba.1.20140905.S	0	0	0	0	0
E1.3.Por.loba.1.20140905.T	0	0	0	0.345892991710625	0
E1.4.Pac.rugo.1.20140728.M	0	0	0	0	0
E1.4.Pac.rugo.1.20140728.S	0	0	0	0	0.070602313522138
E1.4.Pac.rugo.1.20140728.T	0	0	0	0	0
E1.4.Pac.rugo.1.20140814.M	0	0	0	0	0
E1.4.Pac.rugo.1.20140814.S	0	0	0	1	0
E1.4.Pac.rugo.1.20140814.T	0	0	0	0	0
E1.4.Pac.spec.1.20140801.M	0	0	0	0	0
E1.4.Pac.spec.1.20140801.S	0	0	0	0	0
E1.4.Pac.spec.1.20140801.T	0	0	0.113195844316948	0	0
E1.4.Pac.spec.1.20140811.M	0	0	0	0.592274678111588	0
E1.4.Pac.spec.1.20140811.S	0	0	0	0	0
E1.4.Pac.spec.1.20140811.T	0	0	0	0	0
E1.5.Gal.astr.1.20140728.M	0	0	0	0	0
E1.5.Gal.astr.1.20140728.S	0	0	0	0	0
E1.5.Gal.astr.1.20140728.T	0	0	0	0	0
E1.5.Gal.astr.1.20140807.M	0	0	0	0	0.0848167539267016
E1.5.Gal.astr.1.20140807.S	0	0	0	0.180245133381399	0
E1.5.Gal.astr.1.20140807.T	0	0	0	0	0
E1.5.Gal.astr.1.20140814.M	0	0	0	0.338888888888889	0
E1.5.Gal.astr.1.20140814.S	0	0	0	0	0
E1.5.Gal.astr.1.20140814.T	0	0	0	0	0
E1.5.Gal.astr.1.20140905.M	0	0	0	0	0.0214067278287462
E1.5.Gal.astr.1.20140905.S	0	0	0	0.902621722846442	0
E1.5.Gal.astr.1.20140905.T	0	0	0	0	0
E1.6.Acr.humi.1.20140731.M	0	0	0	0	0
E1.6.Acr.humi.1.20140731.S	0	0	0	0	0
E1.6.Acr.humi.1.20140731.T	0	0	0	0	0
E1.6.Acr.sp.1.20140726.S	0	0	0.538461538461538	0	0
E1.6.Acr.sp.1.20140905.M	0	0.504745470232959	0	0.504745470232959	0.318377911993097
E1.6.Acr.sp.1.20140905.S	0	0	0	0	0.128221859706362
E1.6.Acr.sp.1.20140905.T	0	0	0	0	0.508833922261484
E1.6.Iso.pali.1.20140803.M.2	0	0.401709401709402	0.401709401709402	0	0.0598290598290598
E1.6.Iso.pali.1.20140803.M	0	0	0	0	0.12621359223301
E1.6.Iso.pali.1.20140803.S.2	0	0.723404255319149	0.723404255319149	0	0
E1.6.Iso.pali.1.20140803.S	0	0	0	0.867145421903052	0
E1.6.Iso.pali.1.20140803.T.2	0	0	0	0.902439024390244	0
E1.6.Iso.pali.1.20140803.T	0	0.792746113989637	0.792746113989637	0	0
E1.6.Iso.pali.1.20140815.M	0	0	0	0	0.0756302521008403
E1.6.Iso.pali.1.20140815.S	0	0.780998389694042	0	0	0
E1.6.Iso.pali.1.20140815.T	0	0.511182108626198	0.511182108626198	0	0
E1.6.Mon.hisp.1.20140807.M	0	0	0	0	0
E1.6.Mon.hisp.1.20140807.S	0	0	0	0.0871794871794872	0
E1.6.Mon.hisp.1.20140807.T	0	0	0	0	0
E1.7.Pav.sp.1.20140905.M	0	0	0	0	0.063868752384586
E1.7.Pav.sp.1.20140905.S	0	0	0	0	0.246411483253589
E1.7.Pav.sp.1.20140905.T	0	0	0	0	0
E1.7.Pav.vari.1.20140805.M	0	0	0	0	0
E1.7.Pav.vari.1.20140805.S	0	0	0	0	0
E1.7.Pav.vari.1.20140805.T	0	0	0	0	0
E1.7.Pav.vari.1.20140815.M	0	0	0	0	0
E1.7.Pav.vari.1.20140815.S	0	0	0	0	0
E1.7.Pav.vari.1.20140815.T	0	0	0	0	0
E1.7.Pav.veno.1.20140809.M	0	0	0	0	0
E1.7.Pav.veno.1.20140809.S	0	0.636363636363636	0	0	0
E1.7.Pav.veno.1.20140809.T	0	0	0	0	0
E1.7.Pav.veno.1.20140811.M	0	0	0	0	0
E1.7.Pav.veno.1.20140811.S	0	0	0	0.147699757869249	0
E1.Out.Hel.coer.1.20140811.M	0	0	0	0	0
E1.Out.Hel.coer.1.20140811.S	0	0	0	0	0
E1.Out.Hel.coer.1.20140811.T	0	0	0	0	0
E1.Out.Mil.sp.1.20140731.M	0	0	0	0	0
E1.Out.Mil.sp.1.20140814.M	0	0	0	0	0
E1.Out.Mil.sp.1.20140814.S	0	0.166051660516605	0.166051660516605	0	0
E1.Out.Mil.sp.1.20140814.T	0	0.46113074204947	0.46113074204947	0	0
E1.Out.Pal.caes.1.20140809.M	0	0	0	0	0.0076988879384089
E1.Out.Pal.caes.1.20140809.T	0	0.256637168141593	0.256637168141593	0	0
E1.Out.Pal.caes.1.20140815.S	0	0	0	0	0
E10.10.Poc.dami.1.20150630.M	0	0	0	0	0
E10.10.Sty.pist.1.20150630.M	0	0	0.242030526890684	0	0.123142372589037
E10.10.Sty.pist.1.20150630.S	0	0	0	0	0
E10.10.Sty.pist.2.20150630.M	0	0	0	0	0
E10.10.Sty.pist.3.20150630.M	0	0	0	0	0
E10.10.Sty.pist.3.20150630.S	0	0	0	0	0
E10.17.Fav.abdi.1.20150630.M	0	0	0	0	0
E10.17.Fav.abdi.1.20150630.S	0	0.736842105263158	0	0	0
E10.17.Fav.abdi.1.20150630.T	0	0	0	0.201812191103789	0
E10.17.Fav.abdi.2.20150630.M	0	0	0.170648464163823	0	0
E10.17.Fav.abdi.2.20150630.S	0	0	0	0	0
E10.17.Fav.pali.1.20150630.S	0	0	0	0	0
E10.17.Fav.pali.3.20150630.M	0	0	0	0	0
E10.17.Fav.pali.3.20150630.T	0	0	0	0	0
E10.17.Gon.favu.1.20150629.M	0	0	0.0472972972972973	0	0
E10.17.Gon.favu.1.20150629.S	0	0.385699189855583	0	0.151461782317718	0
E10.17.Gon.favu.1.20150629.T	0	0	0	0.736754966887417	0
E10.17.Gon.favu.1.20150630.M	0	0	0.0405557641757416	0	0
E10.17.Gon.favu.1.20150630.S	0	0	0	0	0
E10.17.Gon.favu.1.20150630.T	0	0	0	0	0.0226063829787234
E10.17.Gon.favu.2.20150630.M	0	0	0	0	0
E10.17.Gon.favu.2.20150630.S	0	0.259821428571429	0	0.121428571428571	0
E10.17.Gon.favu.2.20150630.T	0	0	0	0	0
E10.17.Mon.curt.3.20150629.M	0	0	0.0333333333333333	0	0
E10.17.Mon.curt.3.20150629.S	0	0	0	0	0
E10.17.Mon.curt.3.20150629.T	0	0	0	0	0
E10.Aca.hill.1.20150629.M	0	0.510948905109489	0	0.510948905109489	0
E10.Aca.hill.1.20150629.S	0	0	0	0	0
E10.Aca.hill.1.20150629.T	0	0	0	0	0.0746268656716418
E10.Aca.hill.2.20150629.M	0	0.0715223394142411	0	0.0715223394142411	0
E10.Aca.hill.2.20150629.S	0	0	0	0	0
E10.Aca.hill.2.20150629.T	0	0	0	0	0
E10.Aca.hill.3.20150629.M	0	0	0	0	0
E10.Aca.hill.3.20150629.S	0	0	0	0	0
E10.Aca.hill.3.20150629.T	0	0	0	0	0
E10.Acr.cyth.1.20150627.M	0	0.0580007854273027	0	0.210252847173972	0
E10.Acr.cyth.1.20150627.S	0	0	0.152937087243657	0	0.0302398331595412
E10.Acr.cyth.1.20150627.T	0	0	0	0	0
E10.Acr.cyth.2.20150627.M	0	0	0	0.114947649810648	0
E10.Acr.cyth.2.20150627.S	0	0	0.0636942675159236	0	0
E10.Acr.cyth.2.20150627.T	0	0	0.012987012987013	0	0
E10.Acr.cyth.3.20150627.M	0	0	0	0	0
E10.Acr.cyth.3.20150627.S	0	0	0	0	0
E10.Acr.cyth.3.20150627.T	0	0	0	0	0
E10.Acr.pali.1.20150627.M	0	0	0	0.1960569550931	0
E10.Acr.pali.2.20150627.M	0	0	0	0	0.0359480750027738
E10.Acr.pali.2.20150627.S	0	0	0	0	0
E10.Acr.pali.3.20150627.M	0	0	0	0	0.342657342657343
E10.Acr.pali.3.20150627.S	0	0	0	0	0
E10.Alv.alli.1.20150628.M	0	0	0	0	0
E10.Alv.alli.1.20150628.T	0	0	0	0	0.057738572574178
E10.Alv.alli.2.20150628.M	0	0	0	0.122137404580153	0
E10.Alv.alli.2.20150628.S	0.931034482758621	0	0	0	0
E10.Alv.alli.2.20150628.T	0	0	0	0	0
E10.Alv.alli.3.20150628.M	0	0	0	0.664751743947476	0
E10.Alv.alli.3.20150628.S	0	0	0	0	0
E10.Alv.alli.3.20150628.T	0	0	0	0	0
E10.Cyp.micr.1.20150627.M	0	0	0	0	0
E10.Cyp.micr.1.20150627.S	0	0	0	0	0
E10.Cyp.micr.1.20150627.T	0	0	0	0	0
E10.Cyp.sera.2.20150628.M	0	0	0	0	0
E10.Cyp.sera.2.20150628.S	0	0	0	1	0
E10.Fav.abdi.1.20150629.M	0	0	0	0	0
E10.Fav.abdi.1.20150629.S	0	0	0	0	0
E10.Fav.abdi.1.20150629.T	0	0	0	0	0
E10.Mon.curt.1.20150629.M	0	0	0	0	0
E10.Mon.curt.1.20150629.S	0	0	0	0	0.0759493670886076
E10.Mon.curt.1.20150629.T	0	0	0	0	0
E10.Mon.curt.2.20150629.M	0	0	0	0	0
E10.Mon.curt.2.20150629.S	0	0	0	0	0
E10.Mon.curt.2.20150629.T	0	0	0	0	0
E10.Poc.dami.1.20150628.M	0	0	0	0	0
E10.Poc.dami.1.20150628.S	0	0	0	0	0
E10.Poc.dami.2.20150628.M	0	0	0	0	0
E10.Poc.dami.2.20150628.S	0	0.0925589836660617	0	0	0
E10.Por.hero.1.20150628.S	0	0	0	0	0
E10.Por.hero.2.20150628.M	0	0	0	0	0
E10.Por.hero.3.20150628.M	0	0	0	0	0
E10.Por.hero.3.20150628.S	0	0	0	0	0
E10.Por.hero.3.20150628.T	0	0	0	0	0
E10.Sed.1.20150627	0	0	0	0.46031746031746	0
E10.Sed.1.20150628	0	0	0	0.617021276595745	0
E10.Ser.cali.1.20150627.M	0	0	0	0	0
E10.Ser.cali.1.20150627.S	0	0	0	0	0
E10.Ser.cali.2.20150627.M	0	0	0	0	0
E10.Ser.cali.3.20150627.M	0	0	0	0.190903400792823	0
E10.Ser.cali.3.20150627.T	0	0	0	0	1
E10.Sty.pist.1.20150628.S	0	0	0	0	0
E10.Water.1.20150629	0	0	0	0	0
E3.10.Sty.pist.1.20150124.M	0	0	0	0	0
E3.10.Sty.pist.1.20150124.S	0	0	0	0	0
E3.10.Sty.pist.1.20150127.M	0	0	0	0	0
E3.10.Sty.pist.1.20150127.S	0	0	0	0	0
E3.10.Sty.pist.2.20150124.M	0	0	0	0	0
E3.10.Sty.pist.2.20150124.S	0	0	0	0	0
E3.11.Fun.sp.1.20150125.M	0	0	0	0	0
E3.11.Fun.sp.1.20150125.T	0	0	0	0	0
E3.11.Fun.sp.1.20150127.M	0	0	0	0	0
E3.11.Fun.sp.1.20150127.S	0	0	0	0	0
E3.11.Fun.sp.1.20150127.T	0	0	0	0	0
E3.11.Fun.sp.2.20150125.M	0	0	0	0	0
E3.11.Fun.sp.2.20150125.T	0	0	0.101878382680675	0	0
E3.14.Phy.lich.1.20150125.M	0	0	0	0	0
E3.14.Phy.lich.1.20150125.S	0	0	0	0	0
E3.14.Phy.lich.1.20150125.T	0	0	0	0	1
E3.14.Phy.lich.1.20150129.M	0	0	0	0	0
E3.14.Phy.lich.1.20150129.S	0	0	0	0	0
E3.14.Phy.lich.2.20150125.M	0	0	0	0	0
E3.14.Phy.lich.2.20150125.S	0	0.167630057803468	0	0	0
E3.14.Phy.lich.2.20150125.T	0	0	0	0	0
E3.15.Dip.heli.1.20150105.M	0	0	0	0	0.236561772988858
E3.15.Dip.heli.1.20150105.S	0	0	0	0	0
E3.15.Dip.heli.1.20150105.T	0	0	0	0	0
E3.15.Dip.heli.1.20150106.M	0	0	0	0	0
E3.15.Dip.heli.1.20150106.S	0	0	0	0.846153846153846	0
E3.15.Dip.heli.1.20150106.T	0	0	0	0	0
E3.15.Dip.heli.1.20150118.M	0	0	0	0.341772151898734	0
E3.15.Dip.heli.1.20150118.S	0	0	0	0	0
E3.15.Dip.heli.1.20150118.T	0	0	0	0	0
E3.15.Dip.heli.1.20150119.M	0	0	0	0	0
E3.15.Dip.heli.1.20150119.S	0	0	0	0.103896103896104	0
E3.15.Dip.heli.1.20150120.M	0	0	0	0	0
E3.15.Dip.heli.1.20150120.S	0	0	0	1	0
E3.15.Dip.heli.1.20150120.T	0	0	0	0	0
E3.15.Dip.heli.1.20150121.M	0	0	0	0	0
E3.15.Dip.heli.1.20150121.S	0	0	0	0.481532147742818	0
E3.15.Dip.heli.1.20150121.T	0	0	0	0	0
E3.15.Dip.heli.1.20150123.M	0	0	0	0	0.0825459970164098
E3.15.Dip.heli.1.20150123.S	0	0	0	1	0
E3.15.Dip.heli.1.20150123.T	0	0	0	0	0
E3.15.Dip.heli.2.20150105.M	0	0	0	0	0
E3.15.Dip.heli.2.20150105.S	0	0	0	0.204081632653061	0
E3.15.Dip.heli.2.20150105.T	0	0	0	0	0
E3.15.Dip.heli.2.20150106.M	0	0	0	0	0
E3.15.Dip.heli.2.20150106.S	0	0	0	0	0
E3.15.Dip.heli.2.20150106.T	0	0	0	0	0
E3.15.Dip.heli.2.20150119.M	0	0	0	0	0
E3.15.Dip.heli.2.20150119.S	0	0	0	0.19672131147541	0
E3.15.Dip.heli.2.20150119.T	0.260147601476015	0	0	0	0
E3.15.Dip.heli.2.20150120.M	0	0	0	0	0.02989449003517
E3.15.Dip.heli.2.20150120.S	0	0	0	0	0
E3.15.Dip.heli.2.20150121.M	0	0	0	0.119451170298628	0
E3.15.Dip.heli.2.20150121.S	0	0	0	0.0603621730382294	0
E3.15.Dip.heli.2.20150121.T	0	0	0	0	0
E3.15.Dip.heli.2.20150123.M	0	0	0	0.286446204005589	0.0293432696786213
E3.15.Dip.heli.2.20150123.S	0	0	0	0.443438914027149	0
E3.15.Dip.heli.2.20150123.T	0	0	0	0.159235668789809	0
E3.15.Dip.heli.3.20150105.M	0	0	0.0857510361583536	0	0
E3.15.Dip.heli.3.20150105.S	0.291727140783745	0	0	0.470246734397678	0
E3.15.Dip.heli.3.20150105.T	0	0	0	0	0
E3.15.Dip.heli.3.20150106.S	0	0	0	0	0
E3.15.Dip.heli.3.20150120.M	0	0	0	0	0
E3.15.Dip.heli.3.20150120.S	0	0	0	0.5390625	0
E3.15.Dip.heli.3.20150120.T	0	0	0	0	0
E3.15.Dip.heli.3.20150121.M	0	0	0	0	0
E3.15.Dip.heli.3.20150121.S	0	0	0	0	0
E3.15.Dip.heli.3.20150121.T	0	0	0	0	0
E3.15.Dip.heli.3.20150123.M	0	0	0	0.142612664004564	0
E3.15.Dip.heli.3.20150123.S	0	0	0	0.297265160523187	0
E3.15.Dip.heli.3.20150123.T	0	0.53072625698324	0.53072625698324	0.268156424581006	0
E3.15.Dip.heli.4.20150105.M	0	0	0	0	0
E3.15.Dip.heli.4.20150105.T	0.451127819548872	0	0	0	0.112781954887218
E3.15.Dip.heli.4.20150106.T	0	0	0	0	0
E3.17.Ech.horr.1.20150123.S	0	0	0	0	0
E3.17.Ech.horr.1.20150123.T	0	0	0	0	0
E3.17.Ech.mamm.1.20150123.M	0	0	0	0	0
E3.17.Ech.mamm.1.20150123.S	0	0	0	0	0
E3.17.Ech.mamm.1.20150123.T	0	0	0.0433501473305698	0	0
E3.17.Ech.mamm.1.20150127.M	0	0	0.0371379054221342	0	0.187917801435999
E3.17.Ech.mamm.1.20150127.T	0	0	0.207800511508951	0	0
E3.17.Ech.mamm.1.20150129.M	0	0	0	0	0
E3.17.Ech.mamm.1.20150129.S	0	0	0	0	0
E3.17.Ech.mamm.1.20150129.T	0	0	0	0	0
E3.19.Sym.sp.1.20150125.M	0	0	0	0	0
E3.19.Sym.sp.1.20150127.M	0	0	0.0149828767123288	0.271832191780822	0
E3.19.Sym.sp.1.20150127.S	0	0	0	0	0
E3.19.Sym.sp.1.20150127.T	0	0	0	0	0
E3.19.Sym.sp.2.20150125.M	0	0	0	0	0
E3.19.Sym.sp.2.20150125.S	0	0	0	0.147157190635452	0
E3.2.Tur.reni.1.20150124.M	0	0	0	0	0
E3.2.Tur.reni.1.20150124.T	0	0	0	0	0
E3.2.Tur.reni.1.20150127.M	0	0	0	0	0
E3.2.Tur.reni.1.20150127.S	0	0	0	0	0
E3.2.Tur.reni.1.20150127.T	0	0	0	0.0996596985901799	0
E3.2.Tur.reni.2.20150124.M	0	0	0	0	0
E3.3.Por.cyli.1.20150123.M	0	0	0	0	0
E3.3.Por.cyli.1.20150123.S	0	0	0	0	0
E3.3.Por.cyli.1.20150123.T	0	0	0	0	0
E3.3.Por.cyli.1.20150127.M	0	0.0550314465408805	0.0550314465408805	0	0
E3.3.Por.cyli.1.20150127.S	0	0	0	0	0
E3.3.Por.cyli.1.20150127.T	0	0	0	0	0
E3.3.Por.cyli.2.20150123.M	0	0	0	0	0
E3.3.Por.cyli.2.20150123.S	0	0	0	0	0
E3.3.Por.cyli.2.20150123.T	0	0	0	0	0
E3.4.Pac.rugo.1.20150127.M	0	0	0	0.111054378350779	0
E3.4.Pac.rugo.1.20150127.S	0.558333333333333	0.441666666666667	0	0	0
E3.4.Pac.rugo.1.20150127.T	0	0	0	0	0
E3.4.Pac.rugo.1.20150128.M	0	0	0	0	0
E3.4.Pac.rugo.1.20150128.S	0	0	0	0	0
E3.4.Pac.rugo.1.20150128.T	0	0	0	0	0
E3.4.Pac.spec.1.20150128.M	0	0	0	0	0
E3.4.Pac.spec.1.20150128.S	0	0	0	0	0
E3.4.Pac.spec.1.20150128.T	0	0	0	0	0
E3.4.Pac.spec.1.20150129.M	0	0	0	0	0
E3.4.Pac.spec.1.20150129.S	0	0	0.104106419895894	0	0
E3.4.Pac.spec.1.20150129.T	0	0	0	0.149131066179404	0
E3.5.Gal.astr.1.20150124.M	0	0	0.166702286813422	0	0
E3.5.Gal.astr.1.20150124.S	0	0	0	0	0
E3.5.Gal.astr.1.20150124.T	0	0	0	0	0.0392561983471074
E3.5.Gal.astr.2.20150124.M	0	0	0	1	0
E3.5.Gal.astr.2.20150124.S	0	0	0	0.195121951219512	0
E3.5.Gal.astr.2.20150124.T	0	0	0	0	0
E3.5.Gal.astr.2.20150127.M	0	0	0	0	0
E3.5.Gal.astr.2.20150127.S	0	0	0	0	0
E3.6.Acr.hyac.1.20150105.M	0	0	0	0	0
E3.6.Acr.hyac.1.20150105.S	0	0	0	0	0
E3.6.Acr.hyac.1.20150106.M	0	0	0	0	0
E3.6.Acr.hyac.1.20150106.S	0	0	0	0.292798733843313	0
E3.6.Acr.hyac.1.20150106.T	0	0	0	0	0
E3.6.Acr.hyac.1.20150118.M	0	0	0	1	0
E3.6.Acr.hyac.1.20150118.S	0	0	0	0	0
E3.6.Acr.hyac.1.20150118.T	0	0	0	0	0
E3.6.Acr.hyac.1.20150120.M	0	0	0	0.114010989010989	0
E3.6.Acr.hyac.1.20150120.S	0	0	0.149315636665284	0	0.0740356698465367
E3.6.Acr.hyac.1.20150120.T	0	0	0	0	0
E3.6.Acr.hyac.1.20150121.M	0	0	0	0.2875	0
E3.6.Acr.hyac.1.20150121.S	0	0	0.129805292061907	0.434348477284074	0
E3.6.Acr.hyac.1.20150121.T	0	0	0.321172435297786	0	0
E3.6.Acr.hyac.1.20150123.M	0	0	0	0.344599072233267	0
E3.6.Acr.hyac.1.20150123.S	0	0	0.168865435356201	0	0
E3.6.Acr.hyac.1.20150123.T	0	0	0	0.194940218333045	0
E3.6.Acr.hyac.2.20150105.M	0	0	0	0	0
E3.6.Acr.hyac.2.20150105.S	0	0	0	0	0
E3.6.Acr.hyac.2.20150105.T	0	0	0	0.766028309741882	0
E3.6.Acr.hyac.2.20150106.M	0	0	0	0	0
E3.6.Acr.hyac.2.20150106.S	0	0	0.137795275590551	0	0
E3.6.Acr.hyac.2.20150106.T	0	0	0	0	0
E3.6.Acr.hyac.2.20150120.M	0	0	0	0	0
E3.6.Acr.hyac.2.20150120.S	0	0	0	0.222167366082449	0
E3.6.Acr.hyac.2.20150120.T	0	0	0	0	0
E3.6.Acr.hyac.2.20150121.M	0	0	0	0	0
E3.6.Acr.hyac.2.20150121.S	0	0	0.0626780626780627	0	0
E3.6.Acr.hyac.2.20150121.T	0	0	0	0	0
E3.6.Acr.hyac.2.20150123.M	0	0.0505780346820809	0	0	0
E3.6.Acr.hyac.2.20150123.S	0	0	0	0.61198738170347	0
E3.6.Acr.hyac.2.20150123.T	0	0	0	0	0
E3.6.Acr.hyac.3.20150105.M	0	0	0	0	0
E3.6.Acr.hyac.3.20150105.S	0	0	0.116950824291954	0	0
E3.6.Acr.hyac.3.20150105.T	0	0	0	0	0
E3.6.Acr.hyac.3.20150106.T	0	0	0.112727272727273	0	0
E3.6.Acr.hyac.3.20150120.M	0	0	0	0	0.116757664846703
E3.6.Acr.hyac.3.20150120.S	0	0	0	0	0
E3.6.Acr.hyac.3.20150120.T	0	0	0	0	0
E3.6.Acr.hyac.3.20150121.M	0	0	0	0	0
E3.6.Acr.hyac.3.20150121.S	0	0	0	0	0
E3.6.Acr.hyac.3.20150121.T	0	0	1	0	0
E3.6.Acr.hyac.3.20150123.M	0	0	0	0.0439367311072056	0
E3.6.Acr.hyac.3.20150123.S	0	0	0	0	0
E3.6.Acr.hyac.3.20150123.T	0	0	0.03584229390681	0.132533133283321	0
E3.6.Acr.hyac.4.20150105.M	0	0	0	0	0
E3.6.Acr.hyac.4.20150105.S	0	0	0	0	0
E3.6.Acr.hyac.4.20150105.T	0	0	0	0	0
E3.6.Acr.hyac.4.20150106.M	0	0	0	0	0
E3.6.Acr.hyac.4.20150106.S	0	0	0	0	0
E3.6.Acr.hyac.4.20150106.T	0	0	0	0	0
E3.7.Pav.vari.1.20150124.M	0	0	0	0	0
E3.7.Pav.vari.1.20150124.S	0	0	0	0	0
E3.7.Pav.vari.1.20150124.T	0	0.21	0	0	0
E3.7.Pav.vari.1.20150127.M	0	0	0.0849037067715883	0.0217436322219921	0.126113066887554
E3.7.Pav.vari.1.20150127.S	0	0	0	0	0
E3.7.Pav.vari.1.20150127.T	0	0	0	0	0
E3.7.Pav.vari.2.20150124.M	0	0	0	0	0
E3.Out.Mil.sp.1.20150125.M	0	0	0	0	0
E3.Out.Mil.sp.1.20150125.S	0	0	0	0	0
E3.Out.Pal.caes.1.20150125.M	0	0	0	0	0
E3.Out.Pal.caes.1.20150125.S	0	0	0	0	0
E3.Out.Pal.caes.1.20150125.T	0	0	0	0	0
E3.Out.Pal.caes.2.20150125.M	0	0	0	0	0
E3.Out.Pal.caes.2.20150125.S	0	0	0	1	0
E3.Out.Pal.caes.2.20150125.T	0	0	0	0	0
E7.10.Poc.dami.1.20150621.M	0	0	0.152453740949316	0.152051488334674	0.0225261464199517
E7.10.Poc.dami.1.20150621.S	0	0	0	0	0
E7.10.Poc.dami.1.20150621.T	0	0	0	0	0
E7.10.Poc.dami.2.20150621.M	0	0	0	0	0
E7.10.Poc.dami.2.20150621.S	0	0	0	0	0
E7.10.Poc.dami.3.20150621.M	0	0	0	0.139784946236559	0
E7.10.Poc.dami.3.20150621.S	0	0	0	0	0
E7.10.Poc.dami.3.20150621.T	0	0	0	0	0
E7.10.Ser.cali.1.20150622.M	0	0	0	0.0574046624444145	0
E7.10.Ser.cali.1.20150622.S	0	0	0	0	0
E7.10.Ser.cali.2.20150622.M	0	0	0	0	0.0415869980879541
E7.10.Ser.cali.2.20150622.S	0	0	0	0	0
E7.10.Ser.cali.3.20150622.M	0	0	0	0	0.0165579528349222
E7.10.Ser.cali.3.20150622.S	0	0	0	0	0
E7.17.Cyp.micr.1.20150621.M	0	0	0	0	0
E7.17.Cyp.micr.1.20150621.S	0	0	0	0	0
E7.17.Cyp.micr.1.20150621.T	0	0	0	0.433333333333333	0
E7.17.Cyp.micr.2.20150621.M	0	0	0	0	0
E7.17.Cyp.micr.2.20150621.S	0	0	0	0	0
E7.17.Cyp.micr.3.20150621.M	0	0	0.00672494956287828	0.0988567585743107	0
E7.17.Cyp.micr.3.20150621.S	0	0	0	0	0
E7.17.Ech.lame.1.20150620.M	0	0	0	0.0696055684454756	0
E7.17.Ech.lame.1.20150620.S	0	0	0	0	0
E7.17.Ech.lame.1.20150620.T	0	0	0	0.0487951807228916	0
E7.17.Ech.lame.2.20150620.M	0	0	0	0.112801013941698	0
E7.17.Ech.lame.2.20150620.S	0	0	0	0	0
E7.17.Ech.lame.2.20150620.T	0	0	0	0	0
E7.17.Ech.lame.3.20150620.M	0	0.192266609698782	0.192266609698782	0	0.0205084383678701
E7.17.Ech.lame.3.20150620.T	0	0	0	0	0
E7.17.Fav.abdi.1.20150623.M	0	0	0	0	0
E7.17.Fav.abdi.1.20150623.S	0	0	0	0.224576271186441	0
E7.17.Fav.abdi.1.20150623.T	0	0	0	0	0
E7.17.Fav.abdi.2.20150623.M	0	0	0	0	0
E7.17.Fav.abdi.2.20150623.S	0	0	0	0	0
E7.17.Fav.spA.1.20150623.M	0	0	0.295586380832283	0	0
E7.17.Fav.spA.1.20150623.S	0	0.309012875536481	0.309012875536481	0	0
E7.17.Fav.spA.1.20150623.T	0	0	0	0	0
E7.17.Fav.spA.2.20150623.M	0	0	0	0	0
E7.17.Fav.spA.2.20150623.S	0	0.610859728506787	0	0	0
E7.17.Fav.spA.2.20150623.T	0	0	0	0	0
E7.17.Fav.spB.1.20150623.M	0	0	0	0	0
E7.17.Fav.spB.1.20150623.S	0	0	0	0	0
E7.17.Fav.spC.1.20150623.M	0	0	0	0	0
E7.17.Fav.spC.1.20150623.S	0	0	0	0	0
E7.17.Fav.spC.1.20150623.T	0	0	0	0	0
E7.17.Gon.edwa.1.20150623.M	0	0	0	0	0
E7.17.Gon.edwa.1.20150623.S	0	0	0	0	0
E7.17.Gon.edwa.1.20150623.T	0	0	0	0	0
E7.17.Gon.edwa.2.20150623.M	0	0	0	0	0
E7.17.Hyd.exce.1.20150620.M	0	0	0	0	0.0505660760521907
E7.17.Hyd.exce.1.20150620.S	0	0	0	0	0
E7.17.Hyd.exes.1.20150622.M	0	0	0	0	0.0967741935483871
E7.17.Hyd.exes.2.20150622.M	0	0	0	0	0.811363636363636
E7.17.Mer.ampl.1.20150621.M	0	0	0	0	0
E7.17.Mer.ampl.1.20150621.S	0	0	0	0	0
E7.17.Mer.ampl.1.20150621.T	0	0	0	0	0
E7.17.Mer.ampl.2.20150621.T	0	0	0	0	0
E7.17.Mer.ampl.3.20150621.M	0	0.247125450489102	0.247125450489102	0.084949373605629	0.0478805560322636
E7.17.Mer.ampl.3.20150621.T	0	0	1	0	0
E7.17.Myc.elep.1.20150622.M	0	0	0	0.108189331329827	0
E7.17.Myc.elep.1.20150622.S	0	0	0	1	0
E7.17.Myc.elep.1.20150622.T	0	0	0.347490347490348	0	0.44015444015444
E7.17.Pla.sine.1.20150622.S	0	0	0	0.197590361445783	0
E7.17.Pla.sine.1.20150622.T	0	0	0	0.422018348623853	0
E7.17.Pla.sine.2.20150622.M	0	0.137045899499674	0.137045899499674	0	0
E7.17.Pla.sine.2.20150622.S	0	0	0	0	0
E7.17.Pla.sine.2.20150622.T	0	0	0	0	0
E7.17.Pla.sine.3.20150622.M	0	0	0	0	0.0373499333036905
E7.17.Pla.sine.3.20150622.S	0	0	0	0	0
E7.17.Pla.sine.3.20150622.T	0	0	0	0	0
E7.19.Lob.hemp.1.20150619.M	0	0	0	0	0
E7.19.Lob.hemp.1.20150619.S	0	0.159574468085106	0	0	0
E7.19.Lob.hemp.1.20150619.T	0	0	0	0	0
E7.19.Lob.hemp.1.20150621.M	0	0	0.047234796299941	0	0.0448730564849439
E7.19.Lob.hemp.1.20150621.S	0	0	0	0	0
E7.19.Lob.hemp.1.20150621.T	0	0.200923787528868	0.200923787528868	0	0
E7.19.Lob.hemp.2.20150619.M	0	0	0	0	0
E7.19.Lob.hemp.2.20150619.S	0	0	0	0.544827586206897	0
E7.3.Por.loba.1.20150619.M	0	0	0	0	0
E7.3.Por.loba.1.20150619.S	0	0	0	0.713664055700609	0.0191470844212359
E7.3.Por.loba.1.20150619.T	0	0	0	0	0
E7.3.Por.loba.2.20150619.M	0	0	0.224056603773585	0	0
E7.3.Por.loba.2.20150619.S	0	0	0	0	0
E7.3.Por.loba.2.20150619.T	0	0	0	0	0
E7.3.Por.loba.3.20150619.M	0	0	0	0	0
E7.3.Por.loba.3.20150619.S	0	0	0.724489795918367	0	0.275510204081633
E7.3.Por.loba.3.20150619.T	0	0	0	0	0
E7.3.Por.loba.4.20150619.M	0	0	0.0860081022125273	0	0
E7.3.Por.loba.4.20150619.S	0	0	0	0.482758620689655	0.517241379310345
E7.3.Por.loba.4.20150619.T	0	0	0	0	0
E7.5.Gal.astr.1.20150622.M	0	0	0	0.0131458827825452	0
E7.5.Gal.astr.1.20150622.S	0	0	0	0	0
E7.5.Gal.astr.1.20150622.T	0	0	0	0	0
E7.5.Gal.fasc.1.20150621.M	0	0.145544111061352	0	0.145544111061352	0.0181370353784147
E7.5.Gal.fasc.1.20150621.S	0	0	0	0	0
E7.5.Gal.fasc.1.20150621.T	0	0	0	0	0
E7.5.Gal.fasc.1.20150622.M	0	0	0.0659913169319826	0	0
E7.5.Gal.fasc.1.20150622.S	0	0	0	0	0
E7.5.Gal.fasc.1.20150622.T	0	0	0	0	0
E7.6.Acr.hyac.1.20150622.M	0	0	0	0	0.0284283637538362
E7.6.Acr.hyac.1.20150622.S	0	0	0	0	0
E7.6.Acr.hyac.1.20150622.T	0	0	0	0	0
E7.6.Acr.hyac.2.20150622.M	0	0	0	0	0.069375
E7.6.Acr.hyac.2.20150622.S	0	0	0.0661157024793388	0	0
E7.6.Acr.hyac.2.20150622.T	0	0	0	0	0
E7.6.Acr.hyac.3.20150622.M	0	0	0	0	0.0555368562773477
E7.6.Acr.hyac.3.20150622.S	0	0	0	0	0
E7.6.Acr.hyac.3.20150622.T	0	0	0	0	0
E7.6.Mon.aequ.1.20150620.M	0	0	0.0747301411569333	0.347079988928868	0.0647661223360089
E7.6.Mon.aequ.1.20150620.S	0	0	0	0	0.175946547884187
E7.6.Mon.aequ.1.20150620.T	0	0	0.0505356781888013	0.0311299777643016	0
E7.6.Mon.aequ.2.20150620.M	0	0	0.0319420783645656	0.020442930153322	0
E7.6.Mon.aequ.2.20150620.S	0	0	0.155056179775281	0.0337078651685393	0
E7.6.Mon.aequ.2.20150620.T	0	0	0	0.102272727272727	0
E7.6.Mon.aequ.3.20150620.M	0	0	0.164075555780625	0.032815111156125	0.0232946776725579
E7.6.Mon.aequ.3.20150620.S	0	0	0.164209115281501	0.361930294906166	0.0784182305630027
E7.6.Mon.aequ.3.20150620.T	0	0.419111483654652	0.419111483654652	0.0352053646269908	0.0176026823134954
E7.6.Mon.aequ.4.20150620.M	0	0	0.650234741784038	0	0
E7.6.Mon.aequ.4.20150620.S	0	0	0	0.0566281954481717	0.0201344694926833
E7.6.Mon.aequ.4.20150620.T	0	0.671641791044776	0.671641791044776	0	0
E7.7.Pav.vari.1.20150622.M	0	0	0	0	0
E7.7.Pav.vari.1.20150623.M	0	0	0	0	0
E7.7.Pav.vari.1.20150623.S	0	0	0	0	0
E7.7.Pav.vari.1.20150623.T	0	0	0	0	0
E7.7.Pav.vari.2.20150622.M	0	0	0	0	0.0606206398845321
E7.7.Pav.vari.2.20150622.S	0	0	0	0	0
E7.7.Pav.vari.2.20150622.T	0	0	0	0	0
E7.Sed.1.20150620	0	0.186746987951807	0	0.186746987951807	0
E7.Sed.1.20150623	0	0	0	1	0
Negative.Control.1	0	0	0	0	0
Negative.Control.2	0	0	0	1	0
Negative.Control.3	0	0	0	0	0
Negative.Control.4	0	0	0	0.596130592503023	0.0592503022974607
