	Contains_Mobile_Elements
661170	NA
245599	NA
582931	NA
4479753	NA
4403779	NA
4376863	NA
255100	NA
724298	NA
830341	NA
3854077	NA
861192	NA
209886	NA
3297956	NA
1603735	NA
4076076	NA
227130	NA
4453099	NA
114811	NA
355762	NA
252636	NA
835972	NA
388833	NA
160300	NA
153007	NA
2016519	NA
1120649	NA
2195623	NA
4298787	NA
974817	NA
569736	NA
4398746	NA
92209	NA
1107679	NA
4382408	NA
587051	NA
3211673	NA
345093	NA
334709	NA
2510845	NA
2776654	NA
4479618	NA
4343075	NA
552183	NA
2981825	NA
186867	NA
4409528	NA
4306040	NA
633392	NA
587951	NA
1787054	NA
2860880	NA
624006	NA
725347	NA
540643	NA
3685327	NA
353248	NA
4388764	NA
316737	NA
237144	NA
552866	NA
1766551	NA
314001	NA
766547	NA
691008	NA
1132384	NA
331776	NA
4148176	NA
251153	NA
585568	NA
513117	NA
704361	NA
67842	NA
889831	NA
2658745	NA
3297951	NA
255448	NA
3122805	NA
587391	NA
553318	NA
4349537	NA
1132905	NA
774922	NA
815435	NA
4450615	NA
2907294	NA
1112192	NA
4312403	NA
217851	NA
1107548	NA
1107055	NA
4336253	NA
566357	NA
677590	NA
4340137	NA
4344969	NA
572137	NA
325904	NA
313522	NA
114788	NA
269599	NA
4387837	NA
4354785	NA
428807	NA
4348411	NA
4364416	NA
572150	NA
4359330	NA
574510	NA
4385959	NA
352526	NA
235969	NA
3344719	NA
4418156	NA
819910	NA
583231	NA
4451358	NA
563693	NA
2146124	NA
305967	NA
4482302	NA
575225	NA
4332534	NA
567983	NA
200959	NA
2655589	NA
3429461	NA
1114110	NA
736040	NA
915631	NA
309693	NA
585574	NA
4355097	NA
1856738	NA
235866	NA
4207430	NA
4389957	NA
1109900	NA
4476137	NA
1108990	NA
1108144	NA
151344	NA
569893	NA
536947	NA
532624	NA
2804605	NA
138264	NA
1109402	NA
256400	NA
508787	NA
219034	NA
563202	NA
2931209	NA
4362093	NA
4426240	NA
3867306	NA
246466	NA
1119266	NA
257980	NA
940971	NA
1116149	NA
556103	NA
1111255	NA
609371	NA
612770	NA
145637	NA
433991	NA
310378	NA
1104848	NA
4331506	NA
14134	NA
164443	NA
2194481	NA
4482745	NA
261065	NA
259809	NA
532762	NA
274011	NA
200775	NA
368438	NA
3270527	NA
1109563	NA
554240	NA
313633	NA
575079	NA
4340718	NA
553974	NA
130219	NA
338777	NA
4441781	NA
1110665	NA
575010	NA
3888454	NA
365755	NA
164181	NA
