	Contains_Mobile_Elements
151316	NA
324488	NA
4334160	NA
842284	NA
4389591	NA
2860	NA
2775220	NA
1105792	NA
4261545	NA
1114677	NA
4371710	NA
832001	NA
4353625	NA
2804605	NA
4358878	NA
2896033	NA
664541	NA
4385170	NA
511931	NA
134451	NA
251050	NA
107274	NA
538238	NA
105395	NA
342224	NA
1121123	NA
851799	NA
511928	NA
537062	NA
153594	NA
3058999	NA
821884	NA
1062748	NA
2776653	NA
341734	NA
258105	NA
351929	NA
4452721	NA
811810	NA
252636	NA
1108248	NA
4076076	NA
4478949	NA
4454320	NA
830956	NA
4343435	NA
255100	NA
1132384	NA
539508	NA
356532	NA
4334349	NA
181875	NA
4456435	NA
575079	NA
1109458	NA
351673	NA
586458	NA
109057	NA
2662153	NA
333130	NA
1106054	NA
644385	NA
818067	NA
137183	NA
1047041	NA
4451932	NA
237991	NA
856135	NA
1132905	NA
238741	NA
1026431	NA
2058154	NA
4355551	NA
4342056	NA
170883	NA
278136	NA
4349537	NA
2655589	NA
3825329	NA
1107711	NA
1065569	NA
313235	NA
111464	NA
4389260	NA
993127	NA
10724	NA
4248322	NA
628556	NA
274405	NA
646478	NA
535910	NA
588787	NA
1045843	NA
573896	NA
1120876	NA
4282479	NA
249115	NA
2480553	NA
818331	NA
1678827	NA
99430	NA
639790	NA
227000	NA
352526	NA
4443384	NA
814148	NA
4463263	NA
83349	NA
739464	NA
4465584	NA
318607	NA
4363070	NA
515169	NA
4393921	NA
4304512	NA
541511	NA
4430489	NA
1144747	NA
544395	NA
2935	NA
837605	NA
4438557	NA
164443	NA
114044	NA
3825887	NA
575143	NA
576348	NA
1640195	NA
576363	NA
512663	NA
587391	NA
4403168	NA
4408481	NA
4340816	NA
550484	NA
3114957	NA
206114	NA
333651	NA
270636	NA
335960	NA
345093	NA
4425265	NA
4428688	NA
2445279	NA
563796	NA
4374025	NA
321346	NA
3164102	NA
182038	NA
4472671	NA
4380585	NA
4387016	NA
67775	NA
4451400	NA
563693	NA
1722070	NA
236051	NA
2838672	NA
832359	NA
611320	NA
620857	NA
2662075	NA
4418395	NA
859313	NA
745395	NA
4328606	NA
4326669	NA
4443256	NA
553974	NA
528829	NA
1107055	NA
2163606	NA
238105	NA
962249	NA
525841	NA
4420771	NA
4318483	NA
4406574	NA
169264	NA
2326885	NA
1106278	NA
280566	NA
4383665	NA
804325	NA
808539	NA
4369009	NA
809730	NA
4387407	NA
98554	NA
555217	NA
1136342	NA
325904	NA
553766	NA
4480305	NA
4461104	NA
4412803	NA
1015143	NA
306254	NA
637931	NA
879663	NA
235928	NA
547139	NA
104179	NA
327084	NA
728068	NA
320447	NA
931727	NA
388833	NA
208171	NA
2205008	NA
256652	NA
557211	NA
352699	NA
540653	NA
4299429	NA
3900309	NA
994959	NA
4352040	NA
213389	NA
1107031	NA
1107011	NA
535342	NA
689621	NA
114621	NA
533420	NA
710897	NA
574835	NA
262025	NA
2313484	NA
4418992	NA
305967	NA
237131	NA
523593	NA
4375708	NA
4468173	NA
4355481	NA
83514	NA
4475161	NA
853457	NA
1107679	NA
4427218	NA
215441	NA
829116	NA
4455980	NA
626867	NA
584241	NA
591272	NA
801857	NA
940971	NA
149607	NA
1853226	NA
2718033	NA
217352	NA
531374	NA
691473	NA
4374027	NA
268483	NA
244247	NA
1105584	NA
322919	NA
3573134	NA
4329303	NA
4437259	NA
212557	NA
585063	NA
91010	NA
114811	NA
4184652	NA
578659	NA
583622	NA
166728	NA
136056	NA
1114337	NA
740167	NA
4359533	NA
587753	NA
550142	NA
441828	NA
554981	NA
575252	NA
933546	NA
4215051	NA
1111553	NA
2553200	NA
299227	NA
225370	NA
254391	NA
4479618	NA
62921	NA
287608	NA
553623	NA
4301763	NA
224486	NA
248548	NA
4347887	NA
82554	NA
4327574	NA
960695	NA
4411920	NA
4309252	NA
313174	NA
3184433	NA
538679	NA
254888	NA
267730	NA
585568	NA
342034	NA
343908	NA
538354	NA
113279	NA
569884	NA
4344969	NA
679745	NA
4458736	NA
677590	NA
166831	NA
805022	NA
1105163	NA
739996	NA
557998	NA
3429461	NA
951711	NA
279010	NA
310920	NA
3706429	NA
4304971	NA
1112543	NA
725769	NA
1011514	NA
3354149	NA
206390	NA
3760122	NA
815435	NA
1667535	NA
251001	NA
591043	NA
882018	NA
4345410	NA
1110437	NA
575225	NA
1104793	NA
2194481	NA
552862	NA
207780	NA
323712	NA
4482302	NA
1109245	NA
1679817	NA
150441	NA
4332126	NA
4452877	NA
1140185	NA
752461	NA
605842	NA
4306533	NA
578760	NA
4466240	NA
99933	NA
338140	NA
1119266	NA
2062934	NA
4415180	NA
331119	NA
573032	NA
1967331	NA
14475	NA
4306812	NA
809886	NA
550937	NA
114788	NA
4446492	NA
513117	NA
571664	NA
577018	NA
4349595	NA
4392443	NA
877509	NA
1104848	NA
110155	NA
552508	NA
1010113	NA
786086	NA
821141	NA
344914	NA
1126466	NA
4326871	NA
4064681	NA
541244	NA
3045868	NA
807851	NA
3837757	NA
4396740	NA
2181341	NA
4396338	NA
320773	NA
694539	NA
1609472	NA
836571	NA
4002863	NA
7604	NA
222711	NA
565046	NA
518854	NA
238940	NA
4391995	NA
153521	NA
4466618	NA
185410	NA
4425801	NA
819298	NA
3254194	NA
4410004	NA
3025176	NA
807785	NA
181641	NA
758112	NA
587616	NA
636022	NA
681073	NA
347501	NA
235042	NA
357342	NA
201237	NA
1124207	NA
4406621	NA
1500147	NA
137866	NA
757894	NA
4434807	NA
67844	NA
570408	NA
266995	NA
529653	NA
260011	NA
2146124	NA
2238644	NA
229420	NA
4329788	NA
4303114	NA
1106960	NA
1087298	NA
876717	NA
2915761	NA
2383952	NA
816411	NA
571072	NA
590604	NA
2908495	NA
200561	NA
2143302	NA
758023	NA
3760117	NA
295053	NA
590476	NA
1104728	NA
551628	NA
656443	NA
253488	NA
1139618	NA
802711	NA
4450181	NA
834570	NA
113302	NA
979107	NA
250017	NA
1108984	NA
4438836	NA
4326288	NA
1108758	NA
827866	NA
4357413	NA
136025	NA
366545	NA
221621	NA
3114949	NA
295330	NA
619073	NA
114681	NA
356942	NA
544302	NA
4470894	NA
75585	NA
591796	NA
310249	NA
4434769	NA
1044315	NA
4343065	NA
573035	NA
4398746	NA
350592	NA
3208	NA
334709	NA
867135	NA
558772	NA
4173596	NA
14134	NA
3888454	NA
150582	NA
1107555	NA
588411	NA
825130	NA
4442779	NA
4351262	NA
4467014	NA
3852555	NA
1603735	NA
661170	NA
3041662	NA
4425615	NA
110525	NA
158932	NA
4323443	NA
663224	NA
536796	NA
587951	NA
535383	NA
295687	NA
115012	NA
210359	NA
3129454	NA
72480	NA
238619	NA
768582	NA
4339160	NA
2710	NA
112259	NA
1787054	NA
141607	NA
3760116	NA
3831498	NA
2672863	NA
365956	NA
557238	NA
1111255	NA
104129	NA
768898	NA
60179	NA
4325199	NA
4443105	NA
2583848	NA
3070042	NA
911243	NA
1742482	NA
968354	NA
265874	NA
1143280	NA
4467056	NA
4379013	NA
4053303	NA
849122	NA
165553	NA
1114110	NA
4331429	NA
4450615	NA
350334	NA
227130	NA
960983	NA
2680784	NA
3867306	NA
301921	NA
96373	NA
574531	NA
4247767	NA
4478783	NA
512091	NA
564587	NA
1897353	NA
574883	NA
2722477	NA
536121	NA
144057	NA
307846	NA
4366403	NA
536947	NA
510359	NA
370067	NA
631818	NA
563535	NA
835189	NA
310439	NA
538600	NA
5921	NA
740676	NA
799922	NA
253315	NA
258327	NA
288743	NA
541497	NA
448094	NA
855839	NA
4106309	NA
291149	NA
992246	NA
339359	NA
1075821	NA
575061	NA
688760	NA
4314534	NA
4401013	NA
798688	NA
588112	NA
592877	NA
1106858	NA
2860880	NA
1122084	NA
135965	NA
696477	NA
539453	NA
724665	NA
4295177	NA
1147840	NA
37747	NA
269907	NA
92008	NA
326326	NA
153548	NA
1111234	NA
23652	NA
174755	NA
533742	NA
27926	NA
112750	NA
3394691	NA
305529	NA
1110665	NA
626314	NA
354725	NA
718758	NA
608473	NA
321533	NA
1125155	NA
818357	NA
4441046	NA
536986	NA
318061	NA
