	Contains_Mobile_Elements
4353625	NA
2781721	NA
2609531	NA
538178	NA
422295	NA
312009	NA
551347	NA
341734	NA
70494	NA
343315	NA
101015	NA
830956	NA
304801	NA
1107903	NA
448094	NA
354518	NA
314474	NA
154607	NA
577123	NA
4465584	NA
143326	NA
3208	NA
279370	NA
1105509	NA
238105	NA
325904	NA
4358878	NA
181252	NA
328826	NA
4436487	NA
4393019	NA
741691	NA
165687	NA
2932342	NA
1106925	NA
1114496	NA
591394	NA
744941	NA
4413099	NA
4327197	NA
836059	NA
2981822	NA
160916	NA
819561	NA
327767	NA
3728302	NA
545863	NA
975158	NA
3154121	NA
4409036	NA
4403486	NA
327055	NA
4288257	NA
565890	NA
1637549	NA
227068	NA
342100	NA
4471424	NA
325735	NA
625724	NA
254686	NA
1543166	NA
4401013	NA
4396977	NA
831559	NA
318061	NA
817401	NA
4469706	NA
569884	NA
4452538	NA
4416798	NA
113724	NA
4355195	NA
699904	NA
2642683	NA
252615	NA
1112543	NA
4354131	NA
31738	NA
221272	NA
111320	NA
684719	NA
339472	NA
555302	NA
235042	NA
4326369	NA
159567	NA
2401319	NA
230061	NA
554375	NA
535454	NA
834774	NA
3116170	NA
2217826	NA
816228	NA
544328	NA
1082059	NA
159017	NA
151344	NA
229993	NA
227717	NA
237232	NA
4461079	NA
875548	NA
809980	NA
354725	NA
813080	NA
681073	NA
4363459	NA
237131	NA
1539143	NA
1109402	NA
591647	NA
320613	NA
296133	NA
4481373	NA
4369319	NA
41476	NA
4482961	NA
3392964	NA
324488	NA
795623	NA
357897	NA
931727	NA
535510	NA
4369009	NA
352328	NA
583197	NA
4420771	NA
570408	NA
1104793	NA
224772	NA
4381809	NA
199876	NA
325175	NA
228555	NA
801857	NA
504674	NA
550712	NA
4371135	NA
232551	NA
312645	NA
837775	NA
4472671	NA
2935	NA
262657	NA
499902	NA
