	Contains_Mobile_Elements
542933	NA
913229	NA
300387	NA
284672	NA
201237	NA
639712	NA
1134274	NA
4433034	NA
702400	NA
23652	NA
130922	NA
114176	NA
552508	NA
931727	NA
567670	NA
220524	NA
4254951	NA
1845162	NA
539735	NA
668615	NA
2051733	NA
155521	NA
681357	NA
330263	NA
529653	NA
4386366	NA
141154	NA
110317	NA
316573	NA
109057	NA
1136342	NA
4366342	NA
17901	NA
4451400	NA
808440	NA
298813	NA
154682	NA
1110814	NA
313493	NA
2191823	NA
234515	NA
4073887	NA
817013	NA
837605	NA
3905299	NA
578224	NA
2375130	NA
4343435	NA
302883	NA
4359327	NA
104310	NA
138575	NA
4478053	NA
171126	NA
2326885	NA
4469705	NA
788632	NA
1902911	NA
993127	NA
1128225	NA
1145468	NA
307425	NA
646478	NA
561066	NA
588787	NA
787877	NA
758320	NA
3240665	NA
626867	NA
830956	NA
350334	NA
842284	NA
575143	NA
543724	NA
4332665	NA
574883	NA
824974	NA
456617	NA
270376	NA
195925	NA
569953	NA
1086805	NA
1106318	NA
3706429	NA
1144747	NA
4397655	NA
335960	NA
1010113	NA
240170	NA
1560939	NA
4458619	NA
101553	NA
4322208	NA
4367491	NA
678059	NA
242119	NA
40401	NA
2932342	NA
313926	NA
235042	NA
255671	NA
325677	NA
632346	NA
590604	NA
1003206	NA
824043	NA
238940	NA
693124	NA
1107711	NA
285497	NA
4317477	NA
4374557	NA
225370	NA
1107031	NA
513927	NA
4342531	NA
4466240	NA
1539143	NA
4297284	NA
1068470	NA
2738701	NA
4453726	NA
112337	NA
4342066	NA
689621	NA
817451	NA
206114	NA
250908	NA
2579939	NA
335383	NA
2376926	NA
2806353	NA
1026431	NA
3956482	NA
132661	NA
141607	NA
1078375	NA
949545	NA
251620	NA
136286	NA
212239	NA
33606	NA
664541	NA
316772	NA
4477837	NA
4347887	NA
563796	NA
324488	NA
270104	NA
62921	NA
1040796	NA
4106309	NA
1114358	NA
1104793	NA
208171	NA
4298791	NA
978072	NA
150851	NA
4297214	NA
587581	NA
238741	NA
2853353	NA
565514	NA
1797097	NA
549206	NA
239868	NA
317953	NA
210958	NA
1127642	NA
329032	NA
3290338	NA
3457597	NA
556139	NA
4396860	NA
510839	NA
573757	NA
234196	NA
517031	NA
4313359	NA
542071	NA
939545	NA
824904	NA
107506	NA
129508	NA
234654	NA
668009	NA
3348667	NA
72214	NA
576679	NA
557211	NA
811571	NA
215441	NA
4434699	NA
321346	NA
351673	NA
269907	NA
4326288	NA
543572	NA
4420763	NA
849585	NA
824583	NA
3860285	NA
3076501	NA
4387837	NA
863019	NA
253315	NA
310439	NA
4420771	NA
257492	NA
4298967	NA
256575	NA
235527	NA
333130	NA
134174	NA
1967331	NA
3590660	NA
814148	NA
178263	NA
14475	NA
4064681	NA
994959	NA
4244621	NA
4320593	NA
3843951	NA
809380	NA
274447	NA
639286	NA
4355481	NA
348570	NA
4456771	NA
4195126	NA
1112881	NA
268483	NA
128429	NA
833257	NA
72559	NA
1087298	NA
114821	NA
1111413	NA
279010	NA
1011514	NA
680079	NA
538924	NA
761601	NA
4475161	NA
313174	NA
346019	NA
3192521	NA
4388994	NA
1135562	NA
179922	NA
622992	NA
4405880	NA
4462876	NA
1114337	NA
761592	NA
2715999	NA
3254194	NA
252374	NA
4415166	NA
83349	NA
255802	NA
4481861	NA
347501	NA
1059762	NA
180089	NA
539508	NA
4377104	NA
1111111	NA
254951	NA
1897766	NA
772190	NA
806030	NA
354247	NA
4435532	NA
727369	NA
342034	NA
4443105	NA
993455	NA
943138	NA
10724	NA
320773	NA
146126	NA
4439294	NA
4343065	NA
4430489	NA
574835	NA
577018	NA
4340807	NA
304801	NA
2401319	NA
4357289	NA
4425801	NA
460236	NA
206386	NA
4408637	NA
152130	NA
3760116	NA
247441	NA
181641	NA
548050	NA
806474	NA
4374027	NA
275275	NA
14917	NA
590137	NA
573035	NA
2055428	NA
575067	NA
291315	NA
166322	NA
4454356	NA
4329303	NA
314297	NA
4483262	NA
1106960	NA
256758	NA
790466	NA
791815	NA
4236006	NA
686219	NA
60179	NA
832359	NA
16864	NA
2317377	NA
782472	NA
4441046	NA
838990	NA
1139618	NA
582813	NA
4378239	NA
1108952	NA
356942	NA
146556	NA
165105	NA
588112	NA
701393	NA
211593	NA
331119	NA
1105584	NA
106690	NA
622201	NA
278735	NA
691392	NA
200584	NA
2572948	NA
982282	NA
4242238	NA
1129931	NA
330888	NA
512121	NA
275384	NA
4394095	NA
829240	NA
585063	NA
179879	NA
541079	NA
4312329	NA
882018	NA
4282479	NA
581316	NA
163407	NA
4377341	NA
809730	NA
590476	NA
4481373	NA
220353	NA
4295181	NA
112259	NA
1016369	NA
1640195	NA
310249	NA
3555019	NA
110155	NA
4463951	NA
555217	NA
3645942	NA
2247275	NA
539547	NA
354725	NA
694505	NA
343165	NA
562922	NA
4451743	NA
312923	NA
190843	NA
344676	NA
225187	NA
4372908	NA
1115987	NA
301921	NA
238105	NA
27926	NA
573599	NA
110755	NA
2526712	NA
571304	NA
1130890	NA
4476001	NA
4437283	NA
469663	NA
145173	NA
249115	NA
4465677	NA
104610	NA
1500147	NA
693333	NA
339359	NA
571072	NA
427183	NA
344914	NA
349441	NA
4221693	NA
518263	NA
1106085	NA
4404172	NA
4301763	NA
4428688	NA
1591297	NA
1112543	NA
3760122	NA
832260	NA
3769417	NA
806354	NA
538679	NA
4359533	NA
866187	NA
574510	NA
4467690	NA
344838	NA
1028542	NA
4330745	NA
538178	NA
141106	NA
3058999	NA
112352	NA
535910	NA
