	Contains_Mobile_Elements
4334160	NA
2775220	NA
1114677	NA
4371710	NA
832001	NA
4353625	NA
2804605	NA
664541	NA
511931	NA
134451	NA
251050	NA
538238	NA
105395	NA
1121123	NA
851799	NA
537062	NA
153594	NA
3058999	NA
821884	NA
1062748	NA
341734	NA
258105	NA
351929	NA
4452721	NA
4076076	NA
830956	NA
4343435	NA
255100	NA
539508	NA
356532	NA
4334349	NA
351673	NA
333130	NA
818067	NA
137183	NA
4451932	NA
237991	NA
856135	NA
1132905	NA
238741	NA
1026431	NA
4342056	NA
278136	NA
3825329	NA
1065569	NA
111464	NA
993127	NA
10724	NA
4248322	NA
628556	NA
646478	NA
535910	NA
1045843	NA
573896	NA
1120876	NA
4282479	NA
249115	NA
2480553	NA
99430	NA
4443384	NA
814148	NA
83349	NA
318607	NA
4363070	NA
515169	NA
4393921	NA
4304512	NA
541511	NA
1144747	NA
837605	NA
4438557	NA
164443	NA
114044	NA
575143	NA
576348	NA
1640195	NA
4403168	NA
4340816	NA
550484	NA
3114957	NA
333651	NA
270636	NA
335960	NA
345093	NA
563796	NA
321346	NA
4380585	NA
4387016	NA
4451400	NA
563693	NA
1722070	NA
236051	NA
2838672	NA
611320	NA
2662075	NA
745395	NA
4328606	NA
4326669	NA
528829	NA
1107055	NA
2163606	NA
962249	NA
525841	NA
4318483	NA
4406574	NA
2326885	NA
1106278	NA
804325	NA
809730	NA
555217	NA
1136342	NA
4480305	NA
4461104	NA
1015143	NA
637931	NA
879663	NA
104179	NA
320447	NA
931727	NA
388833	NA
2205008	NA
540653	NA
4299429	NA
3900309	NA
994959	NA
213389	NA
1107031	NA
1107011	NA
535342	NA
689621	NA
114621	NA
533420	NA
710897	NA
574835	NA
4418992	NA
237131	NA
523593	NA
4375708	NA
4468173	NA
4355481	NA
83514	NA
4475161	NA
853457	NA
1107679	NA
4427218	NA
215441	NA
4455980	NA
626867	NA
584241	NA
149607	NA
2718033	NA
217352	NA
4374027	NA
244247	NA
1105584	NA
322919	NA
3573134	NA
4329303	NA
4437259	NA
212557	NA
585063	NA
91010	NA
578659	NA
583622	NA
166728	NA
1114337	NA
740167	NA
4359533	NA
587753	NA
550142	NA
441828	NA
554981	NA
575252	NA
933546	NA
4215051	NA
2553200	NA
225370	NA
254391	NA
62921	NA
287608	NA
553623	NA
4301763	NA
224486	NA
4347887	NA
82554	NA
4327574	NA
4309252	NA
313174	NA
3184433	NA
538679	NA
267730	NA
585568	NA
206114	NA
342034	NA
538354	NA
113279	NA
569884	NA
679745	NA
4458736	NA
166831	NA
805022	NA
1105163	NA
739996	NA
951711	NA
279010	NA
3706429	NA
4304971	NA
1112543	NA
725769	NA
1011514	NA
3354149	NA
206390	NA
815435	NA
1667535	NA
251001	NA
591043	NA
882018	NA
4345410	NA
1110437	NA
1104793	NA
207780	NA
323712	NA
1109245	NA
4332126	NA
1140185	NA
4466240	NA
1119266	NA
331119	NA
1967331	NA
14475	NA
4306812	NA
809886	NA
550937	NA
4446492	NA
577018	NA
877509	NA
1104848	NA
110155	NA
552508	NA
1010113	NA
821141	NA
344914	NA
4326871	NA
541244	NA
3045868	NA
807851	NA
3837757	NA
2181341	NA
320773	NA
694539	NA
1609472	NA
836571	NA
4002863	NA
222711	NA
565046	NA
518854	NA
238940	NA
153521	NA
4466618	NA
185410	NA
819298	NA
3254194	NA
181641	NA
758112	NA
587616	NA
636022	NA
681073	NA
347501	NA
235042	NA
357342	NA
201237	NA
1124207	NA
4406621	NA
1500147	NA
137866	NA
4434807	NA
67844	NA
529653	NA
260011	NA
229420	NA
4329788	NA
4303114	NA
1106960	NA
1087298	NA
876717	NA
2915761	NA
2383952	NA
571072	NA
590604	NA
2908495	NA
2143302	NA
3760117	NA
1104728	NA
656443	NA
253488	NA
1139618	NA
802711	NA
834570	NA
113302	NA
979107	NA
4326288	NA
1108758	NA
4357413	NA
366545	NA
221621	NA
3114949	NA
619073	NA
114681	NA
356942	NA
544302	NA
4470894	NA
75585	NA
591796	NA
310249	NA
4434769	NA
4343065	NA
350592	NA
867135	NA
558772	NA
4173596	NA
14134	NA
1107555	NA
588411	NA
825130	NA
4442779	NA
4351262	NA
4467014	NA
1603735	NA
3041662	NA
4425615	NA
110525	NA
158932	NA
4323443	NA
663224	NA
536796	NA
295687	NA
115012	NA
238619	NA
768582	NA
112259	NA
141607	NA
3760116	NA
2672863	NA
365956	NA
557238	NA
104129	NA
768898	NA
60179	NA
4325199	NA
4443105	NA
3070042	NA
1742482	NA
968354	NA
265874	NA
1143280	NA
4467056	NA
4053303	NA
165553	NA
4331429	NA
350334	NA
227130	NA
960983	NA
301921	NA
96373	NA
574531	NA
4478783	NA
512091	NA
564587	NA
1897353	NA
574883	NA
307846	NA
536947	NA
510359	NA
370067	NA
631818	NA
310439	NA
538600	NA
5921	NA
799922	NA
253315	NA
258327	NA
288743	NA
855839	NA
4106309	NA
291149	NA
339359	NA
1075821	NA
688760	NA
4314534	NA
4401013	NA
592877	NA
1106858	NA
1122084	NA
135965	NA
696477	NA
724665	NA
4295177	NA
37747	NA
269907	NA
92008	NA
326326	NA
153548	NA
1111234	NA
23652	NA
174755	NA
533742	NA
27926	NA
112750	NA
3394691	NA
626314	NA
354725	NA
718758	NA
321533	NA
1125155	NA
818357	NA
4441046	NA
318061	NA
